org_id	remap_id
0	0
1	1
2	2
3	3
4	4
5	5
6	6
7	7
8	8
9	9
10	10
13	11
14	12
16	13
17	14
19	15
20	16
21	17
22	18
23	19
24	20
25	21
26	22
27	23
28	24
29	25
30	26
31	27
32	28
33	29
34	30
35	31
36	32
38	33
39	34
40	35
41	36
44	37
45	38
46	39
47	40
48	41
49	42
50	43
51	44
52	45
53	46
54	47
55	48
56	49
57	50
58	51
59	52
60	53
61	54
62	55
63	56
64	57
65	58
66	59
67	60
68	61
69	62
70	63
71	64
72	65
73	66
75	67
76	68
77	69
78	70
79	71
80	72
81	73
82	74
83	75
84	76
85	77
86	78
87	79
88	80
89	81
90	82
91	83
92	84
93	85
94	86
95	87
96	88
97	89
98	90
99	91
100	92
101	93
102	94
103	95
104	96
105	97
106	98
107	99
108	100
109	101
110	102
111	103
112	104
113	105
115	106
116	107
117	108
118	109
119	110
120	111
121	112
122	113
123	114
124	115
125	116
126	117
127	118
128	119
129	120
130	121
131	122
132	123
133	124
134	125
135	126
136	127
137	128
139	129
140	130
141	131
142	132
143	133
144	134
145	135
146	136
147	137
148	138
149	139
150	140
151	141
152	142
153	143
154	144
155	145
156	146
158	147
159	148
160	149
161	150
162	151
163	152
164	153
165	154
166	155
167	156
168	157
169	158
170	159
171	160
172	161
173	162
174	163
175	164
176	165
177	166
178	167
180	168
181	169
182	170
184	171
185	172
186	173
187	174
188	175
189	176
190	177
192	178
193	179
194	180
195	181
196	182
197	183
198	184
199	185
200	186
201	187
202	188
203	189
204	190
206	191
207	192
208	193
211	194
212	195
213	196
214	197
216	198
217	199
218	200
219	201
220	202
221	203
222	204
223	205
224	206
225	207
226	208
227	209
228	210
229	211
230	212
231	213
232	214
233	215
234	216
236	217
238	218
239	219
242	220
243	221
244	222
245	223
246	224
248	225
249	226
250	227
251	228
252	229
254	230
257	231
258	232
259	233
260	234
261	235
262	236
263	237
265	238
266	239
268	240
269	241
271	242
272	243
273	244
274	245
275	246
276	247
277	248
280	249
281	250
284	251
285	252
288	253
290	254
291	255
297	256
299	257
300	258
301	259
302	260
303	261
304	262
305	263
306	264
308	265
309	266
310	267
311	268
312	269
313	270
314	271
315	272
318	273
319	274
320	275
322	276
323	277
324	278
325	279
326	280
329	281
330	282
331	283
333	284
334	285
339	286
348	287
349	288
350	289
351	290
352	291
353	292
354	293
355	294
356	295
357	296
359	297
360	298
361	299
362	300
363	301
364	302
365	303
366	304
367	305
368	306
369	307
370	308
371	309
372	310
373	311
374	312
375	313
376	314
377	315
378	316
379	317
380	318
381	319
382	320
383	321
384	322
385	323
386	324
387	325
388	326
389	327
390	328
391	329
392	330
393	331
394	332
395	333
396	334
397	335
398	336
399	337
400	338
402	339
403	340
404	341
405	342
406	343
407	344
408	345
409	346
410	347
411	348
412	349
413	350
414	351
415	352
416	353
417	354
418	355
419	356
420	357
421	358
422	359
423	360
424	361
425	362
426	363
427	364
428	365
429	366
430	367
431	368
432	369
433	370
434	371
435	372
436	373
437	374
438	375
439	376
440	377
441	378
442	379
443	380
444	381
445	382
446	383
448	384
449	385
450	386
451	387
452	388
453	389
454	390
455	391
456	392
457	393
458	394
459	395
460	396
461	397
462	398
463	399
464	400
465	401
466	402
467	403
469	404
470	405
471	406
472	407
473	408
474	409
475	410
476	411
477	412
478	413
479	414
480	415
481	416
482	417
483	418
484	419
485	420
486	421
487	422
488	423
489	424
490	425
491	426
492	427
493	428
494	429
495	430
496	431
497	432
498	433
499	434
500	435
501	436
502	437
503	438
504	439
505	440
506	441
507	442
508	443
509	444
510	445
511	446
512	447
513	448
514	449
515	450
516	451
517	452
518	453
519	454
520	455
521	456
522	457
523	458
524	459
525	460
526	461
527	462
528	463
529	464
531	465
532	466
534	467
536	468
537	469
538	470
539	471
540	472
541	473
542	474
543	475
544	476
545	477
546	478
547	479
548	480
549	481
551	482
553	483
554	484
555	485
556	486
557	487
558	488
559	489
560	490
561	491
563	492
566	493
567	494
573	495
574	496
575	497
576	498
577	499
578	500
579	501
580	502
581	503
582	504
583	505
584	506
586	507
587	508
588	509
589	510
590	511
591	512
592	513
594	514
595	515
596	516
597	517
598	518
599	519
600	520
601	521
603	522
604	523
605	524
606	525
609	526
611	527
612	528
614	529
615	530
616	531
617	532
618	533
619	534
620	535
621	536
622	537
623	538
625	539
626	540
627	541
628	542
629	543
630	544
631	545
632	546
633	547
634	548
635	549
636	550
637	551
639	552
640	553
641	554
643	555
644	556
645	557
646	558
647	559
649	560
650	561
651	562
653	563
654	564
655	565
657	566
658	567
659	568
661	569
662	570
664	571
665	572
666	573
669	574
670	575
672	576
675	577
676	578
677	579
678	580
679	581
680	582
686	583
687	584
688	585
689	586
690	587
691	588
693	589
694	590
695	591
696	592
697	593
698	594
699	595
700	596
701	597
702	598
703	599
704	600
705	601
706	602
707	603
708	604
709	605
710	606
711	607
712	608
713	609
714	610
715	611
716	612
717	613
718	614
719	615
720	616
721	617
722	618
723	619
724	620
725	621
726	622
727	623
728	624
729	625
730	626
731	627
732	628
733	629
734	630
735	631
736	632
737	633
738	634
739	635
740	636
741	637
742	638
743	639
744	640
745	641
746	642
747	643
748	644
749	645
750	646
751	647
752	648
753	649
754	650
755	651
756	652
757	653
758	654
759	655
760	656
761	657
762	658
763	659
764	660
765	661
766	662
767	663
768	664
769	665
770	666
771	667
772	668
773	669
774	670
776	671
777	672
778	673
779	674
780	675
781	676
782	677
783	678
784	679
785	680
786	681
787	682
788	683
789	684
790	685
791	686
792	687
793	688
794	689
795	690
796	691
797	692
798	693
799	694
800	695
802	696
803	697
804	698
805	699
806	700
807	701
808	702
809	703
810	704
811	705
812	706
813	707
814	708
815	709
816	710
817	711
818	712
819	713
820	714
821	715
822	716
823	717
824	718
825	719
826	720
827	721
828	722
829	723
830	724
831	725
834	726
835	727
836	728
837	729
838	730
840	731
842	732
844	733
845	734
847	735
852	736
856	737
857	738
858	739
859	740
860	741
861	742
862	743
863	744
864	745
865	746
866	747
867	748
869	749
870	750
871	751
872	752
873	753
874	754
876	755
877	756
878	757
879	758
881	759
882	760
884	761
885	762
886	763
888	764
896	765
897	766
898	767
899	768
900	769
901	770
902	771
903	772
904	773
905	774
906	775
907	776
908	777
909	778
910	779
912	780
913	781
914	782
915	783
916	784
917	785
919	786
920	787
921	788
922	789
923	790
924	791
925	792
926	793
927	794
928	795
929	796
930	797
931	798
932	799
933	800
934	801
935	802
936	803
937	804
938	805
939	806
940	807
941	808
942	809
943	810
944	811
945	812
946	813
947	814
948	815
949	816
950	817
951	818
952	819
953	820
954	821
955	822
956	823
957	824
958	825
959	826
960	827
961	828
962	829
963	830
964	831
965	832
966	833
967	834
968	835
969	836
970	837
971	838
972	839
973	840
974	841
975	842
976	843
977	844
978	845
979	846
980	847
981	848
982	849
983	850
984	851
985	852
986	853
987	854
988	855
989	856
990	857
991	858
992	859
993	860
994	861
995	862
996	863
997	864
998	865
999	866
1000	867
1001	868
1002	869
1003	870
1004	871
1005	872
1006	873
1007	874
1008	875
1009	876
1010	877
1011	878
1012	879
1013	880
1014	881
1015	882
1016	883
1017	884
1018	885
1019	886
1020	887
1021	888
1022	889
1023	890
1024	891
1025	892
1026	893
1027	894
1028	895
1029	896
1030	897
1031	898
1032	899
1033	900
1034	901
1035	902
1036	903
1037	904
1038	905
1039	906
1040	907
1041	908
1042	909
1043	910
1044	911
1045	912
1046	913
1047	914
1048	915
1049	916
1050	917
1051	918
1052	919
1053	920
1054	921
1055	922
1056	923
1057	924
1058	925
1059	926
1060	927
1061	928
1062	929
1063	930
1064	931
1065	932
1066	933
1067	934
1068	935
1069	936
1070	937
1071	938
1072	939
1073	940
1074	941
1075	942
1076	943
1077	944
1078	945
1079	946
1080	947
1081	948
1082	949
1083	950
1084	951
1085	952
1086	953
1087	954
1088	955
1089	956
1090	957
1091	958
1092	959
1093	960
1094	961
1095	962
1097	963
1098	964
1099	965
1100	966
1101	967
1102	968
1103	969
1104	970
1105	971
1106	972
1107	973
1108	974
1109	975
1110	976
1111	977
1112	978
1113	979
1114	980
1115	981
1116	982
1117	983
1118	984
1120	985
1121	986
1122	987
1123	988
1124	989
1125	990
1126	991
1127	992
1128	993
1129	994
1130	995
1131	996
1132	997
1133	998
1134	999
1135	1000
1136	1001
1137	1002
1138	1003
1139	1004
1140	1005
1141	1006
1142	1007
1143	1008
1144	1009
1146	1010
1147	1011
1148	1012
1149	1013
1150	1014
1151	1015
1152	1016
1153	1017
1154	1018
1155	1019
1156	1020
1157	1021
1158	1022
1159	1023
1160	1024
1161	1025
1162	1026
1163	1027
1164	1028
1165	1029
1166	1030
1167	1031
1168	1032
1169	1033
1170	1034
1171	1035
1172	1036
1173	1037
1174	1038
1175	1039
1176	1040
1177	1041
1178	1042
1179	1043
1180	1044
1181	1045
1182	1046
1183	1047
1184	1048
1185	1049
1186	1050
1187	1051
1188	1052
1189	1053
1190	1054
1191	1055
1192	1056
1193	1057
1194	1058
1195	1059
1196	1060
1197	1061
1198	1062
1199	1063
1200	1064
1201	1065
1202	1066
1203	1067
1204	1068
1205	1069
1207	1070
1209	1071
1210	1072
1211	1073
1212	1074
1213	1075
1214	1076
1215	1077
1216	1078
1217	1079
1218	1080
1219	1081
1220	1082
1221	1083
1222	1084
1223	1085
1225	1086
1226	1087
1227	1088
1228	1089
1229	1090
1230	1091
1231	1092
1232	1093
1234	1094
1235	1095
1236	1096
1237	1097
1238	1098
1239	1099
1240	1100
1241	1101
1242	1102
1243	1103
1244	1104
1245	1105
1246	1106
1247	1107
1248	1108
1249	1109
1250	1110
1251	1111
1252	1112
1254	1113
1255	1114
1256	1115
1257	1116
1258	1117
1259	1118
1260	1119
1261	1120
1262	1121
1263	1122
1264	1123
1265	1124
1266	1125
1267	1126
1268	1127
1269	1128
1270	1129
1271	1130
1272	1131
1273	1132
1274	1133
1275	1134
1276	1135
1277	1136
1278	1137
1279	1138
1280	1139
1281	1140
1282	1141
1283	1142
1284	1143
1285	1144
1286	1145
1287	1146
1288	1147
1289	1148
1290	1149
1291	1150
1292	1151
1293	1152
1294	1153
1295	1154
1296	1155
1297	1156
1298	1157
1299	1158
1300	1159
1301	1160
1302	1161
1303	1162
1304	1163
1305	1164
1306	1165
1307	1166
1308	1167
1309	1168
1310	1169
1311	1170
1312	1171
1313	1172
1314	1173
1315	1174
1316	1175
1317	1176
1318	1177
1319	1178
1320	1179
1321	1180
1322	1181
1323	1182
1324	1183
1325	1184
1327	1185
1328	1186
1329	1187
1330	1188
1331	1189
1332	1190
1333	1191
1334	1192
1335	1193
1336	1194
1337	1195
1338	1196
1339	1197
1340	1198
1341	1199
1342	1200
1343	1201
1344	1202
1345	1203
1346	1204
1347	1205
1348	1206
1349	1207
1350	1208
1351	1209
1352	1210
1353	1211
1354	1212
1355	1213
1356	1214
1357	1215
1358	1216
1359	1217
1360	1218
1361	1219
1362	1220
1363	1221
1364	1222
1365	1223
1366	1224
1367	1225
1368	1226
1369	1227
1370	1228
1371	1229
1372	1230
1373	1231
1374	1232
1375	1233
1376	1234
1377	1235
1378	1236
1379	1237
1380	1238
1381	1239
1382	1240
1383	1241
1384	1242
1385	1243
1387	1244
1388	1245
1389	1246
1390	1247
1391	1248
1392	1249
1393	1250
1395	1251
1396	1252
1397	1253
1398	1254
1399	1255
1400	1256
1401	1257
1402	1258
1403	1259
1404	1260
1405	1261
1406	1262
1407	1263
1408	1264
1409	1265
1410	1266
1411	1267
1412	1268
1413	1269
1414	1270
1415	1271
1416	1272
1417	1273
1418	1274
1419	1275
1420	1276
1421	1277
1422	1278
1423	1279
1424	1280
1425	1281
1426	1282
1427	1283
1428	1284
1429	1285
1430	1286
1431	1287
1432	1288
1433	1289
1434	1290
1435	1291
1436	1292
1437	1293
1438	1294
1439	1295
1440	1296
1441	1297
1442	1298
1443	1299
1444	1300
1445	1301
1446	1302
1447	1303
1448	1304
1449	1305
1450	1306
1451	1307
1452	1308
1453	1309
1454	1310
1455	1311
1456	1312
1457	1313
1458	1314
1459	1315
1460	1316
1461	1317
1462	1318
1463	1319
1464	1320
1465	1321
1467	1322
1468	1323
1469	1324
1470	1325
1471	1326
1472	1327
1473	1328
1474	1329
1475	1330
1476	1331
1477	1332
1478	1333
1479	1334
1480	1335
1481	1336
1482	1337
1483	1338
1484	1339
1485	1340
1487	1341
1488	1342
1489	1343
1490	1344
1491	1345
1492	1346
1493	1347
1494	1348
1495	1349
1496	1350
1497	1351
1498	1352
1499	1353
1500	1354
1501	1355
1502	1356
1503	1357
1504	1358
1505	1359
1506	1360
1507	1361
1508	1362
1509	1363
1510	1364
1511	1365
1512	1366
1513	1367
1514	1368
1515	1369
1516	1370
1517	1371
1518	1372
1519	1373
1520	1374
1521	1375
1522	1376
1523	1377
1524	1378
1525	1379
1526	1380
1527	1381
1528	1382
1529	1383
1530	1384
1531	1385
1532	1386
1533	1387
1534	1388
1535	1389
1536	1390
1537	1391
1538	1392
1539	1393
1540	1394
1541	1395
1542	1396
1543	1397
1544	1398
1545	1399
1546	1400
1547	1401
1548	1402
1549	1403
1550	1404
1551	1405
1552	1406
1553	1407
1554	1408
1555	1409
1556	1410
1557	1411
1558	1412
1559	1413
1561	1414
1562	1415
1563	1416
1564	1417
1565	1418
1566	1419
1567	1420
1568	1421
1569	1422
1570	1423
1571	1424
1572	1425
1573	1426
1574	1427
1575	1428
1576	1429
1577	1430
1578	1431
1580	1432
1582	1433
1583	1434
1584	1435
1585	1436
1587	1437
1588	1438
1589	1439
1590	1440
1591	1441
1592	1442
1593	1443
1594	1444
1595	1445
1596	1446
1597	1447
1598	1448
1599	1449
1600	1450
1601	1451
1602	1452
1603	1453
1604	1454
1605	1455
1606	1456
1607	1457
1608	1458
1609	1459
1610	1460
1611	1461
1612	1462
1613	1463
1614	1464
1615	1465
1616	1466
1617	1467
1618	1468
1619	1469
1620	1470
1621	1471
1622	1472
1623	1473
1624	1474
1625	1475
1626	1476
1627	1477
1628	1478
1629	1479
1630	1480
1631	1481
1632	1482
1633	1483
1634	1484
1635	1485
1636	1486
1637	1487
1638	1488
1639	1489
1640	1490
1641	1491
1642	1492
1643	1493
1644	1494
1645	1495
1646	1496
1647	1497
1648	1498
1649	1499
1650	1500
1651	1501
1652	1502
1653	1503
1654	1504
1655	1505
1656	1506
1657	1507
1658	1508
1659	1509
1660	1510
1661	1511
1662	1512
1663	1513
1664	1514
1665	1515
1666	1516
1667	1517
1668	1518
1669	1519
1670	1520
1671	1521
1672	1522
1673	1523
1674	1524
1675	1525
1676	1526
1677	1527
1678	1528
1679	1529
1680	1530
1681	1531
1682	1532
1683	1533
1684	1534
1685	1535
1686	1536
1687	1537
1688	1538
1689	1539
1691	1540
1692	1541
1693	1542
1694	1543
1695	1544
1696	1545
1697	1546
1698	1547
1699	1548
1700	1549
1701	1550
1702	1551
1703	1552
1704	1553
1705	1554
1706	1555
1707	1556
1709	1557
1710	1558
1712	1559
1714	1560
1715	1561
1716	1562
1717	1563
1718	1564
1719	1565
1720	1566
1721	1567
1722	1568
1723	1569
1724	1570
1725	1571
1726	1572
1727	1573
1728	1574
1729	1575
1730	1576
1731	1577
1732	1578
1733	1579
1734	1580
1735	1581
1736	1582
1737	1583
1738	1584
1739	1585
1740	1586
1741	1587
1742	1588
1743	1589
1744	1590
1745	1591
1746	1592
1747	1593
1748	1594
1749	1595
1750	1596
1751	1597
1752	1598
1753	1599
1754	1600
1756	1601
1757	1602
1758	1603
1759	1604
1761	1605
1763	1606
1765	1607
1766	1608
1767	1609
1768	1610
1769	1611
1770	1612
1771	1613
1772	1614
1773	1615
1774	1616
1775	1617
1776	1618
1778	1619
1779	1620
1780	1621
1781	1622
1782	1623
1783	1624
1784	1625
1785	1626
1786	1627
1787	1628
1789	1629
1790	1630
1791	1631
1792	1632
1793	1633
1794	1634
1795	1635
1796	1636
1797	1637
1798	1638
1799	1639
1800	1640
1801	1641
1802	1642
1803	1643
1804	1644
1805	1645
1806	1646
1807	1647
1809	1648
1810	1649
1811	1650
1812	1651
1813	1652
1815	1653
1816	1654
1817	1655
1818	1656
1819	1657
1820	1658
1821	1659
1822	1660
1823	1661
1824	1662
1826	1663
1827	1664
1828	1665
1829	1666
1831	1667
1832	1668
1833	1669
1835	1670
1836	1671
1837	1672
1839	1673
1841	1674
1842	1675
1843	1676
1844	1677
1845	1678
1846	1679
1847	1680
1848	1681
1849	1682
1850	1683
1852	1684
1857	1685
1858	1686
1859	1687
1860	1688
1861	1689
1862	1690
1863	1691
1864	1692
1865	1693
1867	1694
1868	1695
1869	1696
1870	1697
1871	1698
1872	1699
1873	1700
1874	1701
1876	1702
1877	1703
1878	1704
1879	1705
1880	1706
1881	1707
1884	1708
1885	1709
1886	1710
1887	1711
1888	1712
1893	1713
1894	1714
1897	1715
1898	1716
1899	1717
1901	1718
1902	1719
1904	1720
1909	1721
1912	1722
1913	1723
1914	1724
1915	1725
1916	1726
1917	1727
1918	1728
1919	1729
1920	1730
1921	1731
1922	1732
1923	1733
1924	1734
1925	1735
1926	1736
1927	1737
1928	1738
1929	1739
1930	1740
1931	1741
1932	1742
1933	1743
1934	1744
1935	1745
1936	1746
1937	1747
1938	1748
1939	1749
1940	1750
1941	1751
1942	1752
1943	1753
1944	1754
1945	1755
1946	1756
1947	1757
1948	1758
1949	1759
1950	1760
1951	1761
1952	1762
1953	1763
1954	1764
1955	1765
1956	1766
1957	1767
1958	1768
1959	1769
1960	1770
1961	1771
1962	1772
1963	1773
1964	1774
1965	1775
1966	1776
1968	1777
1969	1778
1970	1779
1971	1780
1972	1781
1973	1782
1974	1783
1975	1784
1976	1785
1977	1786
1978	1787
1979	1788
1980	1789
1981	1790
1982	1791
1983	1792
1984	1793
1985	1794
1986	1795
1987	1796
1988	1797
1989	1798
1990	1799
1991	1800
1992	1801
1993	1802
1994	1803
1995	1804
1996	1805
1997	1806
1998	1807
1999	1808
2000	1809
2001	1810
2002	1811
2003	1812
2004	1813
2005	1814
2006	1815
2007	1816
2008	1817
2009	1818
2010	1819
2011	1820
2012	1821
2013	1822
2014	1823
2015	1824
2016	1825
2017	1826
2018	1827
2019	1828
2020	1829
2021	1830
2022	1831
2023	1832
2024	1833
2025	1834
2026	1835
2027	1836
2028	1837
2029	1838
2030	1839
2031	1840
2032	1841
2033	1842
2034	1843
2035	1844
2036	1845
2037	1846
2038	1847
2039	1848
2040	1849
2041	1850
2042	1851
2043	1852
2044	1853
2045	1854
2046	1855
2047	1856
2048	1857
2049	1858
2050	1859
2051	1860
2052	1861
2053	1862
2054	1863
2055	1864
2056	1865
2057	1866
2058	1867
2059	1868
2060	1869
2061	1870
2062	1871
2063	1872
2064	1873
2065	1874
2066	1875
2067	1876
2068	1877
2069	1878
2070	1879
2071	1880
2072	1881
2073	1882
2074	1883
2075	1884
2076	1885
2077	1886
2078	1887
2080	1888
2081	1889
2082	1890
2083	1891
2084	1892
2085	1893
2086	1894
2087	1895
2088	1896
2089	1897
2090	1898
2091	1899
2092	1900
2093	1901
2094	1902
2095	1903
2096	1904
2097	1905
2098	1906
2099	1907
2100	1908
2101	1909
2102	1910
2103	1911
2104	1912
2105	1913
2106	1914
2107	1915
2108	1916
2109	1917
2110	1918
2111	1919
2112	1920
2113	1921
2114	1922
2115	1923
2116	1924
2117	1925
2118	1926
2119	1927
2120	1928
2121	1929
2122	1930
2123	1931
2124	1932
2125	1933
2126	1934
2127	1935
2128	1936
2129	1937
2130	1938
2131	1939
2132	1940
2133	1941
2134	1942
2135	1943
2136	1944
2137	1945
2138	1946
2139	1947
2140	1948
2141	1949
2142	1950
2143	1951
2144	1952
2145	1953
2146	1954
2147	1955
2148	1956
2149	1957
2150	1958
2151	1959
2152	1960
2153	1961
2154	1962
2155	1963
2156	1964
2157	1965
2158	1966
2159	1967
2160	1968
2161	1969
2162	1970
2163	1971
2164	1972
2165	1973
2166	1974
2167	1975
2168	1976
2169	1977
2170	1978
2171	1979
2172	1980
2173	1981
2174	1982
2175	1983
2176	1984
2177	1985
2178	1986
2179	1987
2180	1988
2181	1989
2182	1990
2183	1991
2184	1992
2185	1993
2186	1994
2187	1995
2188	1996
2189	1997
2190	1998
2191	1999
2192	2000
2193	2001
2194	2002
2196	2003
2197	2004
2198	2005
2199	2006
2200	2007
2201	2008
2202	2009
2203	2010
2204	2011
2205	2012
2206	2013
2207	2014
2208	2015
2209	2016
2210	2017
2211	2018
2212	2019
2213	2020
2214	2021
2215	2022
2216	2023
2217	2024
2218	2025
2219	2026
2220	2027
2221	2028
2222	2029
2223	2030
2224	2031
2225	2032
2226	2033
2227	2034
2228	2035
2229	2036
2230	2037
2231	2038
2232	2039
2233	2040
2234	2041
2235	2042
2236	2043
2237	2044
2238	2045
2239	2046
2240	2047
2241	2048
2242	2049
2243	2050
2244	2051
2245	2052
2246	2053
2247	2054
2248	2055
2249	2056
2250	2057
2251	2058
2252	2059
2253	2060
2254	2061
2255	2062
2256	2063
2257	2064
2258	2065
2259	2066
2260	2067
2261	2068
2262	2069
2263	2070
2264	2071
2265	2072
2266	2073
2267	2074
2268	2075
2270	2076
2271	2077
2272	2078
2273	2079
2274	2080
2275	2081
2276	2082
2277	2083
2278	2084
2279	2085
2280	2086
2281	2087
2282	2088
2283	2089
2284	2090
2285	2091
2286	2092
2287	2093
2288	2094
2289	2095
2290	2096
2291	2097
2292	2098
2293	2099
2294	2100
2295	2101
2296	2102
2297	2103
2298	2104
2299	2105
2300	2106
2301	2107
2302	2108
2303	2109
2304	2110
2305	2111
2306	2112
2307	2113
2308	2114
2309	2115
2310	2116
2311	2117
2312	2118
2313	2119
2314	2120
2315	2121
2316	2122
2317	2123
2318	2124
2319	2125
2320	2126
2321	2127
2322	2128
2323	2129
2324	2130
2325	2131
2326	2132
2327	2133
2328	2134
2329	2135
2330	2136
2331	2137
2332	2138
2333	2139
2334	2140
2335	2141
2336	2142
2337	2143
2338	2144
2339	2145
2340	2146
2341	2147
2342	2148
2343	2149
2344	2150
2345	2151
2346	2152
2347	2153
2348	2154
2349	2155
2350	2156
2351	2157
2352	2158
2353	2159
2354	2160
2355	2161
2356	2162
2357	2163
2358	2164
2359	2165
2360	2166
2361	2167
2362	2168
2363	2169
2364	2170
2365	2171
2366	2172
2367	2173
2368	2174
2369	2175
2370	2176
2371	2177
2372	2178
2373	2179
2374	2180
2375	2181
2376	2182
2377	2183
2378	2184
2379	2185
2380	2186
2381	2187
2382	2188
2383	2189
2384	2190
2385	2191
2386	2192
2387	2193
2389	2194
2390	2195
2391	2196
2392	2197
2393	2198
2394	2199
2395	2200
2396	2201
2397	2202
2398	2203
2399	2204
2400	2205
2401	2206
2402	2207
2403	2208
2404	2209
2405	2210
2406	2211
2407	2212
2408	2213
2409	2214
2410	2215
2411	2216
2412	2217
2413	2218
2414	2219
2415	2220
2416	2221
2417	2222
2418	2223
2419	2224
2420	2225
2421	2226
2422	2227
2423	2228
2424	2229
2425	2230
2426	2231
2427	2232
2428	2233
2429	2234
2430	2235
2431	2236
2432	2237
2433	2238
2434	2239
2435	2240
2436	2241
2438	2242
2439	2243
2440	2244
2441	2245
2442	2246
2443	2247
2444	2248
2445	2249
2446	2250
2447	2251
2448	2252
2449	2253
2450	2254
2451	2255
2452	2256
2453	2257
2454	2258
2455	2259
2456	2260
2458	2261
2459	2262
2460	2263
2461	2264
2462	2265
2463	2266
2464	2267
2465	2268
2466	2269
2467	2270
2468	2271
2469	2272
2471	2273
2472	2274
2473	2275
2474	2276
2475	2277
2476	2278
2477	2279
2478	2280
2479	2281
2480	2282
2481	2283
2482	2284
2483	2285
2484	2286
2485	2287
2486	2288
2487	2289
2488	2290
2489	2291
2490	2292
2491	2293
2492	2294
2493	2295
2494	2296
2495	2297
2496	2298
2497	2299
2498	2300
2499	2301
2500	2302
2501	2303
2502	2304
2503	2305
2504	2306
2505	2307
2506	2308
2507	2309
2508	2310
2509	2311
2510	2312
2511	2313
2512	2314
2513	2315
2514	2316
2515	2317
2516	2318
2518	2319
2519	2320
2520	2321
2521	2322
2522	2323
2523	2324
2524	2325
2525	2326
2526	2327
2527	2328
2528	2329
2529	2330
2530	2331
2531	2332
2532	2333
2533	2334
2534	2335
2535	2336
2536	2337
2537	2338
2538	2339
2539	2340
2540	2341
2542	2342
2543	2343
2544	2344
2546	2345
2547	2346
2548	2347
2549	2348
2550	2349
2551	2350
2552	2351
2553	2352
2554	2353
2555	2354
2556	2355
2557	2356
2558	2357
2559	2358
2560	2359
2561	2360
2562	2361
2563	2362
2564	2363
2565	2364
2566	2365
2567	2366
2568	2367
2570	2368
2571	2369
2573	2370
2574	2371
2575	2372
2576	2373
2577	2374
2578	2375
2579	2376
2581	2377
2582	2378
2583	2379
2584	2380
2585	2381
2586	2382
2588	2383
2589	2384
2590	2385
2591	2386
2592	2387
2593	2388
2594	2389
2597	2390
2598	2391
2599	2392
2600	2393
2601	2394
2602	2395
2603	2396
2604	2397
2605	2398
2606	2399
2607	2400
2608	2401
2609	2402
2610	2403
2611	2404
2613	2405
2614	2406
2615	2407
2616	2408
2617	2409
2618	2410
2619	2411
2620	2412
2622	2413
2623	2414
2624	2415
2625	2416
2626	2417
2627	2418
2628	2419
2629	2420
2630	2421
2631	2422
2633	2423
2636	2424
2637	2425
2638	2426
2639	2427
2640	2428
2641	2429
2642	2430
2643	2431
2645	2432
2646	2433
2647	2434
2648	2435
2654	2436
2657	2437
2658	2438
2659	2439
2661	2440
2662	2441
2663	2442
2664	2443
2665	2444
2666	2445
2667	2446
2668	2447
2669	2448
2670	2449
2671	2450
2672	2451
2673	2452
2674	2453
2675	2454
2676	2455
2677	2456
2678	2457
2679	2458
2680	2459
2681	2460
2682	2461
2683	2462
2684	2463
2685	2464
2686	2465
2687	2466
2688	2467
2689	2468
2690	2469
2691	2470
2692	2471
2693	2472
2694	2473
2695	2474
2696	2475
2697	2476
2698	2477
2699	2478
2700	2479
2701	2480
2702	2481
2703	2482
2705	2483
2706	2484
2707	2485
2708	2486
2709	2487
2710	2488
2711	2489
2712	2490
2713	2491
2714	2492
2715	2493
2716	2494
2717	2495
2718	2496
2719	2497
2720	2498
2721	2499
2722	2500
2723	2501
2724	2502
2725	2503
2726	2504
2727	2505
2728	2506
2729	2507
2730	2508
2731	2509
2732	2510
2733	2511
2734	2512
2735	2513
2736	2514
2737	2515
2738	2516
2739	2517
2741	2518
2742	2519
2743	2520
2744	2521
2745	2522
2746	2523
2747	2524
2748	2525
2749	2526
2750	2527
2751	2528
2752	2529
2753	2530
2754	2531
2755	2532
2756	2533
2757	2534
2758	2535
2759	2536
2760	2537
2761	2538
2762	2539
2763	2540
2764	2541
2765	2542
2766	2543
2767	2544
2768	2545
2769	2546
2770	2547
2771	2548
2772	2549
2773	2550
2774	2551
2775	2552
2776	2553
2777	2554
2778	2555
2779	2556
2780	2557
2781	2558
2782	2559
2783	2560
2784	2561
2785	2562
2786	2563
2787	2564
2788	2565
2789	2566
2790	2567
2791	2568
2792	2569
2793	2570
2794	2571
2795	2572
2796	2573
2797	2574
2798	2575
2799	2576
2800	2577
2801	2578
2802	2579
2803	2580
2804	2581
2805	2582
2806	2583
2807	2584
2808	2585
2809	2586
2810	2587
2811	2588
2812	2589
2813	2590
2815	2591
2816	2592
2817	2593
2818	2594
2819	2595
2820	2596
2821	2597
2822	2598
2823	2599
2824	2600
2825	2601
2826	2602
2827	2603
2828	2604
2829	2605
2830	2606
2831	2607
2832	2608
2833	2609
2834	2610
2835	2611
2836	2612
2837	2613
2838	2614
2839	2615
2840	2616
2841	2617
2843	2618
2844	2619
2845	2620
2846	2621
2847	2622
2848	2623
2849	2624
2850	2625
2851	2626
2852	2627
2853	2628
2854	2629
2855	2630
2856	2631
2857	2632
2858	2633
2859	2634
2860	2635
2861	2636
2862	2637
2863	2638
2864	2639
2865	2640
2866	2641
2867	2642
2868	2643
2869	2644
2870	2645
2871	2646
2872	2647
2873	2648
2874	2649
2875	2650
2876	2651
2877	2652
2878	2653
2879	2654
2880	2655
2881	2656
2882	2657
2883	2658
2884	2659
2885	2660
2886	2661
2887	2662
2888	2663
2889	2664
2890	2665
2891	2666
2892	2667
2893	2668
2894	2669
2895	2670
2896	2671
2897	2672
2898	2673
2899	2674
2900	2675
2901	2676
2902	2677
2903	2678
2904	2679
2905	2680
2906	2681
2907	2682
2908	2683
2909	2684
2910	2685
2911	2686
2912	2687
2913	2688
2914	2689
2915	2690
2916	2691
2917	2692
2918	2693
2919	2694
2920	2695
2921	2696
2922	2697
2923	2698
2924	2699
2925	2700
2926	2701
2927	2702
2928	2703
2929	2704
2930	2705
2931	2706
2932	2707
2933	2708
2934	2709
2935	2710
2936	2711
2937	2712
2938	2713
2939	2714
2940	2715
2941	2716
2942	2717
2943	2718
2944	2719
2945	2720
2946	2721
2947	2722
2948	2723
2949	2724
2950	2725
2951	2726
2952	2727
2953	2728
2954	2729
2955	2730
2956	2731
2957	2732
2958	2733
2959	2734
2960	2735
2961	2736
2962	2737
2963	2738
2964	2739
2965	2740
2966	2741
2967	2742
2968	2743
2969	2744
2970	2745
2972	2746
2973	2747
2974	2748
2975	2749
2976	2750
2977	2751
2978	2752
2979	2753
2980	2754
2981	2755
2982	2756
2983	2757
2984	2758
2985	2759
2986	2760
2987	2761
2988	2762
2989	2763
2990	2764
2991	2765
2992	2766
2993	2767
2994	2768
2995	2769
2996	2770
2997	2771
2998	2772
2999	2773
3000	2774
3001	2775
3002	2776
3004	2777
3005	2778
3007	2779
3008	2780
3009	2781
3010	2782
3011	2783
3012	2784
3013	2785
3014	2786
3015	2787
3016	2788
3017	2789
3018	2790
3019	2791
3020	2792
3021	2793
3022	2794
3023	2795
3024	2796
3025	2797
3026	2798
3027	2799
3028	2800
3029	2801
3030	2802
3032	2803
3033	2804
3034	2805
3035	2806
3036	2807
3038	2808
3039	2809
3040	2810
3041	2811
3042	2812
3043	2813
3044	2814
3045	2815
3046	2816
3047	2817
3048	2818
3049	2819
3050	2820
3051	2821
3052	2822
3053	2823
3054	2824
3055	2825
3056	2826
3057	2827
3058	2828
3059	2829
3060	2830
3061	2831
3062	2832
3063	2833
3064	2834
3065	2835
3066	2836
3067	2837
3068	2838
3069	2839
3070	2840
3072	2841
3073	2842
3074	2843
3075	2844
3076	2845
3077	2846
3078	2847
3079	2848
3080	2849
3081	2850
3082	2851
3083	2852
3084	2853
3085	2854
3086	2855
3087	2856
3088	2857
3089	2858
3090	2859
3092	2860
3093	2861
3094	2862
3095	2863
3096	2864
3097	2865
3098	2866
3099	2867
3100	2868
3101	2869
3102	2870
3103	2871
3104	2872
3105	2873
3106	2874
3107	2875
3108	2876
3109	2877
3110	2878
3111	2879
3112	2880
3113	2881
3114	2882
3115	2883
3116	2884
3117	2885
3118	2886
3119	2887
3120	2888
3122	2889
3123	2890
3124	2891
3126	2892
3127	2893
3128	2894
3129	2895
3130	2896
3131	2897
3132	2898
3133	2899
3135	2900
3136	2901
3137	2902
3138	2903
3139	2904
3140	2905
3141	2906
3142	2907
3143	2908
3144	2909
3145	2910
3146	2911
3148	2912
3149	2913
3150	2914
3151	2915
3152	2916
3153	2917
3154	2918
3155	2919
3156	2920
3157	2921
3158	2922
3159	2923
3160	2924
3161	2925
3162	2926
3163	2927
3164	2928
3165	2929
3166	2930
3167	2931
3168	2932
3169	2933
3170	2934
3171	2935
3172	2936
3173	2937
3174	2938
3175	2939
3176	2940
3177	2941
3178	2942
3179	2943
3180	2944
3181	2945
3182	2946
3184	2947
3185	2948
3186	2949
3187	2950
3188	2951
3189	2952
3190	2953
3191	2954
3192	2955
3193	2956
3194	2957
3195	2958
3196	2959
3197	2960
3198	2961
3199	2962
3200	2963
3201	2964
3202	2965
3203	2966
3204	2967
3205	2968
3206	2969
3207	2970
3208	2971
3209	2972
3210	2973
3211	2974
3212	2975
3213	2976
3214	2977
3215	2978
3217	2979
3218	2980
3219	2981
3220	2982
3221	2983
3222	2984
3223	2985
3224	2986
3225	2987
3226	2988
3227	2989
3228	2990
3229	2991
3231	2992
3232	2993
3233	2994
3234	2995
3235	2996
3236	2997
3237	2998
3238	2999
3239	3000
3240	3001
3241	3002
3242	3003
3243	3004
3244	3005
3245	3006
3246	3007
3247	3008
3248	3009
3249	3010
3250	3011
3251	3012
3252	3013
3253	3014
3254	3015
3255	3016
3256	3017
3257	3018
3258	3019
3259	3020
3260	3021
3261	3022
3262	3023
3263	3024
3264	3025
3265	3026
3266	3027
3267	3028
3268	3029
3269	3030
3272	3031
3273	3032
3274	3033
3275	3034
3276	3035
3277	3036
3278	3037
3279	3038
3280	3039
3281	3040
3283	3041
3284	3042
3285	3043
3286	3044
3287	3045
3288	3046
3289	3047
3291	3048
3292	3049
3293	3050
3294	3051
3295	3052
3296	3053
3297	3054
3298	3055
3299	3056
3300	3057
3301	3058
3302	3059
3303	3060
3304	3061
3305	3062
3306	3063
3307	3064
3308	3065
3309	3066
3311	3067
3312	3068
3313	3069
3314	3070
3315	3071
3316	3072
3317	3073
3318	3074
3319	3075
3320	3076
3321	3077
3322	3078
3323	3079
3324	3080
3325	3081
3326	3082
3327	3083
3328	3084
3329	3085
3330	3086
3331	3087
3332	3088
3333	3089
3334	3090
3335	3091
3337	3092
3338	3093
3339	3094
3340	3095
3341	3096
3342	3097
3343	3098
3344	3099
3345	3100
3346	3101
3347	3102
3348	3103
3349	3104
3350	3105
3351	3106
3352	3107
3353	3108
3355	3109
3356	3110
3357	3111
3358	3112
3359	3113
3360	3114
3362	3115
3363	3116
3364	3117
3365	3118
3366	3119
3367	3120
3369	3121
3371	3122
3376	3123
3377	3124
3378	3125
3379	3126
3381	3127
3382	3128
3384	3129
3386	3130
3387	3131
3388	3132
3390	3133
3391	3134
3392	3135
3394	3136
3395	3137
3396	3138
3397	3139
3398	3140
3399	3141
3401	3142
3402	3143
3403	3144
3406	3145
3410	3146
3411	3147
3412	3148
3416	3149
3417	3150
3419	3151
3422	3152
3425	3153
3426	3154
3437	3155
3438	3156
3439	3157
3440	3158
3441	3159
3442	3160
3443	3161
3444	3162
3445	3163
3446	3164
3447	3165
3448	3166
3449	3167
3450	3168
3452	3169
3454	3170
3455	3171
3456	3172
3457	3173
3458	3174
3459	3175
3460	3176
3461	3177
3462	3178
3463	3179
3464	3180
3465	3181
3466	3182
3467	3183
3468	3184
3469	3185
3470	3186
3471	3187
3472	3188
3473	3189
3474	3190
3475	3191
3476	3192
3477	3193
3478	3194
3479	3195
3480	3196
3481	3197
3482	3198
3483	3199
3484	3200
3485	3201
3486	3202
3487	3203
3488	3204
3489	3205
3490	3206
3491	3207
3492	3208
3493	3209
3494	3210
3495	3211
3496	3212
3497	3213
3498	3214
3499	3215
3500	3216
3501	3217
3502	3218
3503	3219
3504	3220
3505	3221
3506	3222
3507	3223
3508	3224
3509	3225
3510	3226
3511	3227
3512	3228
3513	3229
3514	3230
3515	3231
3516	3232
3517	3233
3518	3234
3519	3235
3520	3236
3521	3237
3522	3238
3523	3239
3524	3240
3525	3241
3526	3242
3527	3243
3528	3244
3529	3245
3530	3246
3531	3247
3532	3248
3533	3249
3534	3250
3535	3251
3536	3252
3537	3253
3538	3254
3539	3255
3540	3256
3541	3257
3542	3258
3543	3259
3544	3260
3545	3261
3546	3262
3547	3263
3548	3264
3549	3265
3550	3266
3551	3267
3552	3268
3553	3269
3554	3270
3555	3271
3556	3272
3557	3273
3558	3274
3559	3275
3560	3276
3561	3277
3562	3278
3563	3279
3564	3280
3565	3281
3566	3282
3567	3283
3568	3284
3569	3285
3571	3286
3572	3287
3573	3288
3574	3289
3575	3290
3576	3291
3577	3292
3578	3293
3579	3294
3580	3295
3581	3296
3582	3297
3583	3298
3584	3299
3585	3300
3586	3301
3587	3302
3588	3303
3589	3304
3590	3305
3591	3306
3592	3307
3593	3308
3594	3309
3595	3310
3596	3311
3598	3312
3599	3313
3600	3314
3601	3315
3602	3316
3603	3317
3604	3318
3605	3319
3606	3320
3607	3321
3608	3322
3609	3323
3610	3324
3611	3325
3612	3326
3613	3327
3614	3328
3615	3329
3616	3330
3617	3331
3618	3332
3619	3333
3620	3334
3621	3335
3622	3336
3623	3337
3624	3338
3625	3339
3626	3340
3627	3341
3628	3342
3629	3343
3630	3344
3631	3345
3632	3346
3633	3347
3634	3348
3635	3349
3636	3350
3637	3351
3638	3352
3639	3353
3640	3354
3641	3355
3642	3356
3643	3357
3644	3358
3645	3359
3646	3360
3647	3361
3648	3362
3649	3363
3651	3364
3652	3365
3653	3366
3654	3367
3655	3368
3656	3369
3657	3370
3658	3371
3659	3372
3660	3373
3661	3374
3662	3375
3663	3376
3664	3377
3665	3378
3666	3379
3667	3380
3668	3381
3669	3382
3670	3383
3671	3384
3672	3385
3674	3386
3675	3387
3676	3388
3677	3389
3678	3390
3679	3391
3680	3392
3681	3393
3682	3394
3683	3395
3684	3396
3685	3397
3687	3398
3689	3399
3690	3400
3691	3401
3692	3402
3693	3403
3694	3404
3695	3405
3696	3406
3697	3407
3698	3408
3700	3409
3701	3410
3702	3411
3703	3412
3704	3413
3705	3414
3706	3415
3707	3416
3708	3417
3710	3418
3711	3419
3712	3420
3713	3421
3714	3422
3715	3423
3716	3424
3717	3425
3718	3426
3719	3427
3720	3428
3721	3429
3722	3430
3723	3431
3725	3432
3726	3433
3727	3434
3728	3435
3730	3436
3731	3437
3733	3438
3734	3439
3735	3440
3736	3441
3737	3442
3738	3443
3739	3444
3740	3445
3741	3446
3742	3447
3743	3448
3744	3449
3745	3450
3746	3451
3747	3452
3749	3453
3750	3454
3751	3455
3752	3456
3753	3457
3754	3458
3755	3459
3756	3460
3757	3461
3758	3462
3759	3463
3760	3464
3761	3465
3762	3466
3763	3467
3764	3468
3765	3469
3766	3470
3767	3471
3768	3472
3769	3473
3771	3474
3772	3475
3773	3476
3774	3477
3775	3478
3776	3479
3777	3480
3778	3481
3779	3482
3780	3483
3781	3484
3782	3485
3783	3486
3784	3487
3785	3488
3786	3489
3787	3490
3788	3491
3789	3492
3790	3493
3791	3494
3792	3495
3793	3496
3794	3497
3795	3498
3796	3499
3797	3500
3799	3501
3800	3502
3801	3503
3802	3504
3803	3505
3804	3506
3805	3507
3806	3508
3809	3509
3810	3510
3811	3511
3813	3512
3814	3513
3815	3514
3817	3515
3818	3516
3819	3517
3821	3518
3822	3519
3823	3520
3824	3521
3825	3522
3826	3523
3828	3524
3829	3525
3830	3526
3831	3527
3833	3528
3834	3529
3835	3530
3836	3531
3837	3532
3838	3533
3840	3534
3841	3535
3842	3536
3843	3537
3844	3538
3845	3539
3847	3540
3848	3541
3849	3542
3851	3543
3852	3544
3854	3545
3855	3546
3857	3547
3858	3548
3859	3549
3860	3550
3861	3551
3862	3552
3863	3553
3864	3554
3866	3555
3867	3556
3868	3557
3869	3558
3870	3559
3871	3560
3872	3561
3873	3562
3874	3563
3875	3564
3877	3565
3878	3566
3879	3567
3880	3568
3883	3569
3884	3570
3886	3571
3887	3572
3888	3573
3889	3574
3890	3575
3891	3576
3892	3577
3893	3578
3894	3579
3896	3580
3897	3581
3898	3582
3899	3583
3900	3584
3901	3585
3902	3586
3903	3587
3906	3588
3907	3589
3909	3590
3912	3591
3914	3592
3915	3593
3916	3594
3918	3595
3920	3596
3924	3597
3925	3598
3926	3599
3927	3600
3929	3601
3930	3602
3931	3603
3933	3604
3937	3605
3938	3606
3939	3607
3940	3608
3943	3609
3944	3610
3945	3611
3947	3612
3948	3613
3950	3614
3951	3615
3956	3616
3957	3617
3960	3618
3962	3619
3964	3620
3966	3621
3968	3622
3980	3623
3981	3624
3982	3625
3983	3626
3985	3627
3986	3628
3987	3629
3988	3630
3989	3631
3990	3632
3991	3633
3992	3634
3993	3635
3994	3636
3995	3637
3996	3638
3997	3639
3998	3640
3999	3641
4000	3642
4001	3643
4002	3644
4003	3645
4004	3646
4006	3647
4007	3648
4009	3649
4011	3650
4013	3651
4014	3652
4016	3653
4017	3654
4018	3655
4019	3656
4020	3657
4021	3658
4023	3659
4026	3660
4027	3661
4031	3662
11	3663
12	3664
15	3665
18	3666
37	3667
42	3668
43	3669
74	3670
114	3671
138	3672
157	3673
179	3674
183	3675
191	3676
205	3677
209	3678
210	3679
215	3680
235	3681
237	3682
240	3683
241	3684
247	3685
253	3686
255	3687
256	3688
264	3689
267	3690
270	3691
278	3692
279	3693
282	3694
283	3695
286	3696
287	3697
289	3698
292	3699
293	3700
294	3701
295	3702
296	3703
298	3704
307	3705
316	3706
317	3707
321	3708
327	3709
328	3710
332	3711
335	3712
336	3713
337	3714
338	3715
340	3716
341	3717
342	3718
343	3719
344	3720
345	3721
346	3722
347	3723
2814	3724
3003	3725
3290	3726
911	3727
918	3728
1096	3729
1119	3730
1145	3731
1206	3732
1208	3733
1224	3734
1233	3735
1253	3736
1326	3737
1386	3738
1394	3739
1466	3740
1486	3741
1560	3742
1579	3743
1581	3744
1586	3745
1690	3746
1708	3747
1711	3748
1713	3749
1755	3750
1760	3751
1762	3752
1764	3753
1777	3754
1788	3755
1808	3756
1814	3757
1825	3758
1830	3759
1834	3760
1838	3761
1840	3762
1851	3763
1853	3764
1854	3765
1855	3766
1856	3767
1866	3768
1875	3769
1882	3770
1883	3771
1889	3772
1890	3773
1891	3774
1892	3775
1895	3776
1896	3777
1900	3778
1903	3779
1905	3780
1906	3781
1907	3782
1908	3783
1910	3784
1911	3785
2635	3786
2649	3787
2653	3788
2660	3789
2704	3790
2740	3791
564	3792
358	3793
401	3794
447	3795
468	3796
530	3797
533	3798
535	3799
550	3800
552	3801
562	3802
565	3803
568	3804
569	3805
570	3806
571	3807
572	3808
656	3809
683	3810
610	3811
652	3812
673	3813
593	3814
585	3815
602	3816
607	3817
608	3818
613	3819
624	3820
638	3821
642	3822
648	3823
660	3824
663	3825
667	3826
668	3827
671	3828
674	3829
681	3830
682	3831
684	3832
685	3833
1967	3834
3961	3835
692	3836
775	3837
801	3838
832	3839
833	3840
839	3841
841	3842
843	3843
846	3844
848	3845
849	3846
850	3847
851	3848
853	3849
854	3850
855	3851
890	3852
868	3853
875	3854
880	3855
883	3856
887	3857
889	3858
891	3859
892	3860
893	3861
894	3862
895	3863
3361	3864
3404	3865
2971	3866
3420	3867
3409	3868
3385	3869
2842	3870
3006	3871
3031	3872
3037	3873
3071	3874
3091	3875
3121	3876
3125	3877
3134	3878
3147	3879
3183	3880
3216	3881
3230	3882
3270	3883
3271	3884
3282	3885
3310	3886
3336	3887
3354	3888
3368	3889
3370	3890
3372	3891
3373	3892
3374	3893
3375	3894
3380	3895
3383	3896
3389	3897
3393	3898
3400	3899
3405	3900
3407	3901
3408	3902
3413	3903
3414	3904
3415	3905
3418	3906
3421	3907
3423	3908
3424	3909
3427	3910
3428	3911
3429	3912
3430	3913
3431	3914
3432	3915
3433	3916
3434	3917
3435	3918
3436	3919
2079	3920
2195	3921
2269	3922
2388	3923
2437	3924
2457	3925
2470	3926
2517	3927
2541	3928
2545	3929
2569	3930
2572	3931
2580	3932
2587	3933
2595	3934
2596	3935
2612	3936
2621	3937
2632	3938
2634	3939
2644	3940
2650	3941
2651	3942
2652	3943
2655	3944
2656	3945
3451	3946
3453	3947
3570	3948
3597	3949
3650	3950
3673	3951
3686	3952
3688	3953
3699	3954
3709	3955
3724	3956
3729	3957
3732	3958
3748	3959
3770	3960
3798	3961
3807	3962
3808	3963
3812	3964
3816	3965
3820	3966
3827	3967
3832	3968
3839	3969
3846	3970
3850	3971
3853	3972
3856	3973
3865	3974
3876	3975
3881	3976
3882	3977
3885	3978
3895	3979
3904	3980
3905	3981
3908	3982
3910	3983
3911	3984
3913	3985
3917	3986
3919	3987
3921	3988
3922	3989
3923	3990
3928	3991
3932	3992
3934	3993
3935	3994
3936	3995
3941	3996
3942	3997
3946	3998
3949	3999
3952	4000
3953	4001
3954	4002
3955	4003
3958	4004
3959	4005
3963	4006
3965	4007
3967	4008
3969	4009
3970	4010
3971	4011
3972	4012
3973	4013
3974	4014
3975	4015
3976	4016
3977	4017
3978	4018
3979	4019
3984	4020
4005	4021
4008	4022
4010	4023
4012	4024
4015	4025
4022	4026
4024	4027
4025	4028
4028	4029
4029	4030
4030	4031
4032	4032
4033	4033
4034	4034
4035	4035
4036	4036
4037	4037
4038	4038
