birthday;anonymized feature 206 486 509
birthday;anonymized feature 207 362 449 507 508 523 544
birthday;anonymized feature 208 420 422 444 504 505 506 538 541 551
birthday;anonymized feature 0 348 351 355 367 379 382 383 388 400 403 405 408 414 418 435 437 450 452 462 474 489 490 491 500 502 524 530 539 546 556 557
birthday;anonymized feature 1 361 378 391 396 426 458 470 478 487 515 522 532 533 542 562
birthday;anonymized feature 209 356 369 392 407 412 433 455 467 469 498 560 569
birthday;anonymized feature 2 350 371 527
birthday;anonymized feature 3 404 451 480 493 540 566
birthday;anonymized feature 210 353 375 446 503 511 559
birthday;anonymized feature 5 416 494
birthday;anonymized feature 211 198 553 567
birthday;anonymized feature 212 425 534
education;concentration;id;anonymized feature 13 407 438 484 533
education;concentration;id;anonymized feature 213 352 408 416 437
education;concentration;id;anonymized feature 14 382 392 423 428 435 460 469 480 484 490 501 512 173 558 564
education;concentration;id;anonymized feature 214 450 481 503
education;concentration;id;anonymized feature 15 349 359 367 370 374 376 378 394 395 402 414 419 420 422 434 438 439 451 455 456 460 469 471 474 478 481 483 488 490 496 502 508 511 515 518 523 525 540 544 545 548 549 553 567 569
education;concentration;id;anonymized feature 215 388 400 445 489 493 542
education;concentration;id;anonymized feature 216 373 438 452
education;concentration;id;anonymized feature 217 355 547
education;concentration;id;anonymized feature 218 398 456 479 494 497
education;concentration;id;anonymized feature 219 369 477 561
education;degree;id;anonymized feature 20 359 374 440 518 523 530 535 539 549
education;degree;id;anonymized feature 21 394 398 445 451 458 479 489 512 531 532
education;degree;id;anonymized feature 220 370 388 416 483 497 559 567
education;degree;id;anonymized feature 22 352 359 365 367 394 395 407 419 420 427 433 440 445 452 478 488 491 501 510 514 523 530 531 540 541 543 544 558
education;degree;id;anonymized feature 221 374 428 553 557
education;degree;id;anonymized feature 222 403 421 434 439 455 481 533
education;degree;id;anonymized feature 223 365 392 395 400 419 428 439 480 487 497 514 519 544 556
education;degree;id;anonymized feature 224 351 450 454
education;school;id;anonymized feature 225 367 368 416 441 469 497 557
education;school;id;anonymized feature 226 375 392 394 440 479 503 538 542
education;school;id;anonymized feature 227 416 484 569
education;school;id;anonymized feature 228 348 349 355 359 362 367 373 388 396 397 398 400 402 405 407 414 420 421 422 432 433 434 437 438 439 440 444 446 450 451 456 460 471 473 474 475 478 481 487 490 491 496 502 508 514 518 519 520 522 523 525 530 531 533 534 539 541 543 544 545 546 548 556 558 559 563 567 570
education;school;id;anonymized feature 229 395 422
education;school;id;anonymized feature 230 363 382 403 419 428 435 451 452 480 497 516 517 540 543
education;school;id;anonymized feature 231 376 490
education;school;id;anonymized feature 232 348 363 367 370 374 382 388 418 432 438 450 455 460 474 475 480 481 488 489 496 497 504 510 514 515 519 523 530 533 543 544 545 546 547 553 555 557 558
education;school;id;anonymized feature 233 361 374 418 489 535 547 557
education;school;id;anonymized feature 234 419 537 540
education;school;id;anonymized feature 235 457 516
education;school;id;anonymized feature 236 405 418 481 547
education;school;id;anonymized feature 237 414 483
education;school;id;anonymized feature 238 354 355 376 397 541 566 570
education;school;id;anonymized feature 239 359 385 429 530 539
education;school;id;anonymized feature 240 361 396 402 403 444 452 458 470 562
education;school;id;anonymized feature 241 439 477
education;school;id;anonymized feature 242 443 453
education;school;id;anonymized feature 243 419 420 471 537 540 559
education;school;id;anonymized feature 244 350 423 561
education;school;id;anonymized feature 245 456 525
education;school;id;anonymized feature 246 350 397 426 489 519 524 531 537 543 546
education;school;id;anonymized feature 247 369 405 474 477 487 504 561
education;school;id;anonymized feature 248 370 395 469 488 510 515 553
education;school;id;anonymized feature 50 440 449
education;school;id;anonymized feature 249 407 490
education;school;id;anonymized feature 250 367 378 541 548
education;school;id;anonymized feature 251 398 419 493
education;school;id;anonymized feature 52 348 362 363 365 368 370 373 374 376 378 387 388 198 391 392 394 395 398 400 402 404 408 414 415 416 419 420 421 423 427 428 432 434 438 439 444 445 451 456 458 460 461 462 471 473 475 479 482 483 484 487 488 493 494 496 497 503 506 507 508 511 512 514 515 517 520 523 524 525 535 537 538 542 544 545 173 549 553 556 558 559 560 563 566 567 569 570
education;type;anonymized feature 53 348 349 351 352 354 355 356 359 361 362 363 364 365 367 368 369 370 373 34 374 375 376 378 379 382 383 385 386 387 388 390 198 392 394 395 396 397 398 399 400 402 403 405 406 407 408 411 414 415 416 418 419 420 421 422 423 427 428 432 433 434 435 437 438 439 440 441 443 444 446 450 451 452 453 454 455 456 457 458 460 461 462 466 467 469 471 473 474 475 477 478 479 480 481 482 483 484 485 486 487 488 489 490 491 493 494 496 497 498 501 502 503 504 506 508 510 512 514 515 516 517 518 519 520 522 523 524 525 530 531 532 533 534 535 537 538 539 540 541 542 543 544 545 546 173 547 548 549 550 551 553 555 556 557 558 559 560 561 562 563 566 567 569 570 571 572
education;type;anonymized feature 54 348 350 351 352 354 355 359 362 363 364 365 367 368 369 370 373 374 376 378 379 383 386 387 388 198 391 392 393 394 395 397 398 399 400 402 403 404 405 407 408 414 415 416 419 420 421 423 426 427 428 429 432 433 434 435 438 439 440 441 444 445 449 450 451 452 454 455 456 458 460 462 469 471 473 474 475 477 478 479 480 481 483 485 487 488 489 490 491 493 496 497 501 503 507 508 510 511 512 514 515 516 517 518 519 520 523 524 525 528 530 531 532 533 534 535 537 538 539 540 541 542 543 544 545 546 547 548 549 551 553 555 556 557 558 559 560 563 564 566 567 569 570
education;type;anonymized feature 55 348 349 350 351 352 354 355 357 361 362 363 365 367 368 369 370 373 34 374 376 378 379 380 382 383 387 388 198 395 396 397 398 399 400 402 403 405 406 407 408 411 414 415 416 418 419 420 421 422 423 427 428 432 433 434 435 437 438 439 443 444 450 451 452 454 455 456 457 458 460 462 466 470 471 474 475 477 478 479 480 481 483 484 486 488 489 493 494 495 496 497 498 502 503 504 508 510 511 512 514 515 516 518 519 520 522 523 524 525 530 532 533 534 535 537 538 540 541 543 544 545 546 173 547 548 550 551 553 555 556 557 558 559 561 562 566 567 569 570 571 572
education;with;id;anonymized feature 252 460 545
education;year;id;anonymized feature 58 361 367 386 395 407 440 445 446 454 458 473 481 489 493 503 508 516 519 524 525 539 544 547 548 555
education;year;id;anonymized feature 253 457 460 486 488 516 545
education;year;id;anonymized feature 59 34 198 394 398 438 454 484 520 533 548 553 556
education;year;id;anonymized feature 254 352 365 388 399 402 438 452 462 479 518 522 547
education;year;id;anonymized feature 255 349 378 395 402 407 419 434 438 443 456 478 480 487 497 533 535 542 550
education;year;id;anonymized feature 60 359 365 383 387 392 394 396 400 408 423 435 443 445 458 483 512 525 528 530 531 532 535 556
education;year;id;anonymized feature 61 354 355 367 368 370 385 387 395 399 416 423 433 440 451 471 481 489 514 519 534 173 549 561 562 567 569
education;year;id;anonymized feature 62 364 392 394 408 419 420 423 452 455 456 457 478 484 491 504 523 533 542 551 553 556
education;year;id;anonymized feature 63 359 364 383 418 429 433 441 469 474 478 515 519 530 531
education;year;id;anonymized feature 64 359 376 378 390 398 400 405 408 418 427 428 434 435 450 455 480 482 490 493 512 523 530 531 532 534 537 555 560 570
education;year;id;anonymized feature 65 349 352 355 364 369 34 388 439 451 474 484 498 502 503 541 544 549 569
education;year;id;anonymized feature 256 518 520 545
education;year;id;anonymized feature 66 385 395 398 416 419 455 456 480 483 486 494 503 508 512 541 173 560
education;year;id;anonymized feature 67 348 355 361 376 383 386 387 388 396 400 405 408 414 437 450 458 462 481 489 502 519 524 525 530 532 547 556 562
education;year;id;anonymized feature 68 419 540
education;year;id;anonymized feature 69 350 375 403 477 523 544 549
education;year;id;anonymized feature 257 351 354 382 403 418 420 428 432 435 439 443 452 504 508 514 518 535 538 541 551 555
education;year;id;anonymized feature 258 386 444 477 486 510 512 520 523 534 544
education;year;id;anonymized feature 259 350 368 370 392 423 433 439 455 553
education;year;id;anonymized feature 72 354 365 368 473 491 516 539
first_name;anonymized feature 260 359 530
first_name;anonymized feature 261 529 531
first_name;anonymized feature 262 455 553
gender;anonymized feature 77 353 356 360 362 370 371 373 379 381 385 386 390 198 392 393 399 410 411 412 416 417 423 429 442 446 453 461 463 468 472 473 492 497 498 499 503 521 524 528 537 542 547 548 553 555 560 564 565 566 567 571 572
gender;anonymized feature 78 348 349 350 351 352 354 355 357 359 361 363 364 365 366 367 368 369 372 34 374 375 376 377 378 380 382 383 384 387 388 389 391 394 395 396 397 398 400 401 402 403 404 405 406 407 408 409 413 414 415 418 419 420 421 422 424 425 426 427 428 430 431 432 433 434 435 436 437 438 439 440 441 443 444 445 448 449 450 451 452 454 455 456 457 458 459 460 462 464 465 466 467 469 470 471 474 475 476 477 478 479 480 481 482 483 484 485 486 487 488 489 490 491 493 494 495 496 500 501 502 504 505 506 507 508 509 510 511 512 513 514 515 516 517 518 519 520 522 523 525 526 529 530 531 532 533 534 535 536 538 539 540 541 543 544 545 546 173 549 550 551 552 554 556 557 558 559 561 562 563 568 569 570
hometown;id;anonymized feature 128 506 559
hometown;id;anonymized feature 263 383 439 542 561
hometown;id;anonymized feature 84 348 354 355 356 359 361 362 363 367 368 385 386 387 390 394 396 398 400 402 403 414 418 419 420 432 434 437 438 444 445 446 450 453 455 460 466 471 475 480 481 483 485 488 489 490 493 494 497 498 502 504 510 514 515 522 523 530 532 539 540 547 548 554 555 557 558 560 563 569 570
hometown;id;anonymized feature 264 452 470
languages;id;anonymized feature 92 349 352 365 367 34 198 394 398 416 427 435 437 438 439 440 453 460 475 480 514 516 533 534 537 540 548 554 555 569
languages;id;anonymized feature 94 365 437 438 514 516 540 548
languages;id;anonymized feature 265 349 367 382 383 394 398 416 418 422 437 438 439 440 446 460 475 480 482 489 512 514 516 533 534 537 540 548 554 555 569
languages;id;anonymized feature 266 361 498 532
last_name;anonymized feature 267 383 387 397 517 561 571
last_name;anonymized feature 268 381 432 492 516 527 528 541 551 554
last_name;anonymized feature 269 356 375 409 465 553
last_name;anonymized feature 270 366 538 546
last_name;anonymized feature 271 359 480 526 530
last_name;anonymized feature 110 348 374 377 385 391 402 413 423 424 440 448 453 455 459 460 471 475 488 490 491 503 507 514 520 533 536 560 567
last_name;anonymized feature 272 355 357 376 470 502 548
last_name;anonymized feature 273 349 352 360 380 388 396 398 403 421 426 434 437 444 450 458 464 466 467 469 476 493 496 497 511 524 535 544 555 558 562
last_name;anonymized feature 274 354 379 395 405 456 510 570
last_name;anonymized feature 275 370 371 394 407 418 422 431 436 474 478 500 513 522 523 540 557 563 569
last_name;anonymized feature 276 425 452 499 525 532
last_name;anonymized feature 277 417 537
locale;anonymized feature 127 348 349 350 351 353 354 355 356 359 360 362 363 364 365 366 368 370 371 372 373 34 374 375 376 377 382 384 385 386 387 388 389 390 198 391 392 393 394 395 397 398 399 400 401 402 403 407 408 409 411 412 413 414 415 416 417 418 419 420 421 423 425 426 427 428 429 430 431 432 433 436 438 440 441 443 445 446 448 450 453 454 455 456 460 461 462 463 464 465 469 471 472 473 475 476 478 479 480 481 482 483 484 485 487 488 489 490 491 492 493 494 495 497 500 501 503 506 507 508 510 511 512 513 514 515 516 517 520 521 523 524 525 526 527 528 529 530 531 532 533 534 535 536 537 538 539 540 541 542 543 544 545 546 547 548 549 552 553 557 558 559 560 563 564 565 566 567 568 569 570 571
locale;anonymized feature 278 352 357 361 367 369 378 379 380 381 383 396 404 405 406 410 422 424 434 435 437 439 442 444 449 451 452 457 458 459 466 467 468 470 474 477 486 496 498 499 502 504 505 509 518 519 522 550 551 554 556 561 562 572
location;id;anonymized feature 128 348 363 374 376 378 388 390 198 391 392 394 400 419 427 428 434 439 446 450 456 460 475 482 483 484 488 497 513 514 515 517 527 538 542 549 563 566
location;id;anonymized feature 129 362 365 414 479 487 493 498 503 544 173 560
location;id;anonymized feature 279 438 495
location;id;anonymized feature 280 405 418 481 558
location;id;anonymized feature 281 397 489 531 552 570
location;id;anonymized feature 133 420 471 525
location;id;anonymized feature 84 350 355 368 369 383 385 386 396 422 426 437 448 451 453 455 466 474 477 491 504 508 532 539 545 548 556
location;id;anonymized feature 176 433 510 512 533
location;id;anonymized feature 282 407 458 490
location;id;anonymized feature 283 359 530
location;id;anonymized feature 284 367 416 421 546 557
location;id;anonymized feature 138 404 410 432 441 507 569
work;employer;id;anonymized feature 225 497 546 557
work;employer;id;anonymized feature 285 477 486 518 551
work;employer;id;anonymized feature 286 437 572
work;employer;id;anonymized feature 287 457 459 486 509 516 551
work;employer;id;anonymized feature 288 390 450 569
work;employer;id;anonymized feature 289 349 534
work;employer;id;anonymized feature 290 348 357 419 424 435 457 459 509 516 554
work;employer;id;anonymized feature 291 502 548
work;employer;id;anonymized feature 292 364 564
work;employer;id;anonymized feature 293 367 490 523
work;employer;id;anonymized feature 52 352 362 365 198 415 421 428 452 460 462 487 508 515 538 542 561 570
work;end_date;anonymized feature 157 361 375 382 198 402 415 418 422 437 443 449 452 455 462 477 478 486 508 528 543 545 546 550 554 558 571 572
work;end_date;anonymized feature 294 394 428 549 569
work;end_date;anonymized feature 166 450 479 548
work;end_date;anonymized feature 170 363 367 439 451 480 540
work;end_date;anonymized feature 171 348 352 364 490 564
work;location;id;anonymized feature 295 423 525
work;location;id;anonymized feature 128 365 460 479 570
work;location;id;anonymized feature 296 423 428 490 523
work;location;id;anonymized feature 84 348 349 363 367 388 390 394 437 439 445 450 457 481 491 519 534 548 569 570
work;location;id;anonymized feature 297 348 364 198 399 423 454
work;location;id;anonymized feature 298 480 543
work;position;id;anonymized feature 183 399 423 428 480 564
work;position;id;anonymized feature 299 363 455
work;position;id;anonymized feature 300 445 473 541 543 545
work;position;id;anonymized feature 301 399 457 481 519
work;position;id;anonymized feature 302 348 198 549 564
work;position;id;anonymized feature 303 348 349 439 534
work;position;id;anonymized feature 304 502 548
work;position;id;anonymized feature 192 173 549
work;position;id;anonymized feature 193 439 480 523 540 173
work;start_date;anonymized feature 157 356 357 361 387 198 396 399 415 418 422 424 449 467 477 486 516 522 528 541 543 546 550 554 560 561 571 572
work;start_date;anonymized feature 305 348 516
work;start_date;anonymized feature 306 367 481
work;start_date;anonymized feature 307 428 439 549 569
work;start_date;anonymized feature 308 390 403 452
work;start_date;anonymized feature 309 451 569
work;start_date;anonymized feature 310 423 428 532 540 549
work;start_date;anonymized feature 202 348 363 364 490 564
