birthday;anonymized feature 209 723 749 761 771 782 799 806 813 825
birthday;anonymized feature 2 686 687 701 703 705 706 709 731 733 738 741 744 745 752 760 765 787 790 793 807 829 832
birthday;anonymized feature 3 688 707 718 720 754 762 767 779 781 808 809 820 849 851 856
birthday;anonymized feature 210 690 796 822
education;classes;id;anonymized feature 335 747 774 828
education;classes;id;anonymized feature 336 688 703 747 774 828
education;concentration;id;anonymized feature 14 804 856
education;concentration;id;anonymized feature 337 686 818
education;concentration;id;anonymized feature 338 688 766 828 854
education;concentration;id;anonymized feature 217 796 829
education;concentration;id;anonymized feature 339 728 820
education;school;id;anonymized feature 340 687 688 690 695 701 703 705 713 719 728 730 731 740 745 747 748 752 754 759 764 766 769 774 778 781 790 792 809 820 828 831 834 838 853 856
education;school;id;anonymized feature 341 686 688 690 695 697 699 702 707 713 714 717 718 719 722 723 731 732 733 736 744 745 746 750 752 755 760 766 769 778 780 786 788 789 792 796 799 802 813 820 822 826 828 829 839 846 849 854
education;school;id;anonymized feature 342 703 709 718 720 728 741 747 748 755 765 774 787 792 797 807 828 832 856
education;school;id;anonymized feature 343 689 839
education;school;id;anonymized feature 344 715 738 740 741 764 774 820
education;school;id;anonymized feature 345 723 796 804 849
education;school;id;anonymized feature 346 687 709 718 741 749
education;school;id;anonymized feature 347 723 826
education;school;id;anonymized feature 348 804 838 856
education;school;id;anonymized feature 349 705 747 755
education;type;anonymized feature 53 686 687 688 689 690 695 697 705 706 707 709 713 714 715 717 718 719 722 723 726 728 730 731 733 735 736 737 738 740 741 743 744 745 747 749 750 752 754 755 759 760 764 765 766 769 774 775 776 778 780 786 788 797 799 802 804 807 808 811 813 818 820 821 822 825 826 828 829 831 832 834 838 839 846 849 851 854 856
education;type;anonymized feature 54 686 689 692 699 702 707 713 715 718 732 733 736 741 746 748 749 755 757 760 776 778 780 785 788 789 792 796 809 813 825 829 838 839 856
education;type;anonymized feature 55 687 688 690 692 695 701 703 705 707 709 710 713 718 719 720 723 726 728 730 731 732 733 736 740 741 745 747 748 749 752 754 755 757 759 764 765 766 769 774 778 781 786 787 788 790 792 796 797 802 804 807 809 811 813 818 820 821 822 825 826 828 829 831 832 834 838 839 846 849 851 853 856
education;with;id;anonymized feature 350 703 720 747 748 787 797 828
education;with;id;anonymized feature 351 687 718
education;year;id;anonymized feature 255 723 741 749 757 759 766 776 813 825
education;year;id;anonymized feature 61 692 713 722 723 755 769 776 788 839
education;year;id;anonymized feature 64 695 705 707 738 740 766 778 780 804 808 813 838 856
education;year;id;anonymized feature 65 699 707 741 748 780 799 822 831 834 846 851
education;year;id;anonymized feature 67 688 692 707 709 718 736 741 747 755 765 792 807 811
education;year;id;anonymized feature 71 707 710 740 748 820 831 856
education;year;id;anonymized feature 259 688 701 709 713 728 792 804 809 821 829 838 851 856
education;year;id;anonymized feature 72 747 755 769 785
first_name;anonymized feature 352 720 745
first_name;anonymized feature 353 808 819 835
first_name;anonymized feature 354 784 794
first_name;anonymized feature 355 747 774
first_name;anonymized feature 356 698 775 803
first_name;anonymized feature 357 728 765
first_name;anonymized feature 358 694 756
gender;anonymized feature 77 686 689 691 693 697 702 703 704 705 707 709 710 711 713 714 716 717 718 719 720 728 732 737 739 740 741 742 743 745 746 749 751 753 754 755 756 757 759 764 765 768 770 772 778 779 780 781 782 783 786 787 788 789 790 791 792 793 794 795 798 799 800 801 805 807 808 809 811 813 814 815 817 819 820 821 822 823 824 826 827 828 835 836 837 838 842 843 844 845 848 851 852 853 854 855
gender;anonymized feature 78 687 688 690 692 694 695 696 698 699 700 701 706 708 712 715 721 722 723 724 725 726 727 729 730 731 735 738 744 747 748 750 752 760 761 762 763 766 767 769 771 773 774 775 776 777 785 796 797 802 803 804 806 810 816 818 825 829 831 832 833 834 839 840 846 847 849 850 856
hometown;id;anonymized feature 359 688 695 713 715 719 723 728 738 741 744 746 747 748 749 750 752 756 757 766 771 780 781 782 788 792 796 797 799 800 804 807 808 809 810 814 816 820 822 827 828 831 838 846
languages;id;anonymized feature 92 692 707 709 718 723 738 744 747 748 755 766 769 789 809 833 838
languages;id;anonymized feature 97 718 723 728 747 748 820
last_name;anonymized feature 360 686 717 798 852 855
last_name;anonymized feature 361 785 846
last_name;anonymized feature 362 762 814
last_name;anonymized feature 363 763 836
last_name;anonymized feature 273 826 842
last_name;anonymized feature 364 782 804
last_name;anonymized feature 365 735 769
locale;anonymized feature 126 686 688 689 690 692 694 695 696 704 706 708 711 713 717 723 725 728 729 730 734 737 738 739 745 746 747 756 757 763 769 770 772 773 780 791 795 797 798 799 800 802 803 807 808 812 815 819 823 826 827 830 833 840 845 847 854
locale;anonymized feature 127 687 691 693 697 698 699 700 701 702 703 705 707 709 710 712 714 715 716 718 719 720 721 722 724 726 727 731 732 733 735 736 740 741 742 743 744 748 749 750 751 752 753 754 755 758 759 760 761 762 764 765 766 767 768 771 774 775 776 777 778 779 781 782 783 785 786 787 788 789 790 792 793 794 796 801 804 805 806 809 810 811 814 816 817 818 821 822 824 825 828 829 831 834 835 836 837 838 839 841 842 843 844 846 848 849 850 851 852 853 855 856
location;id;anonymized feature 359 686 688 689 690 699 709 711 712 713 714 717 719 726 731 733 740 741 742 744 745 751 759 765 774 778 786 788 789 799 803 806 807 818 825 828 829 843 849 851 853 854
location;id;anonymized feature 366 695 730 750 780 797 804 821 827 838 846 850
location;id;anonymized feature 367 727 728 747 755 763 766 792 809 817
work;employer;id;anonymized feature 343 712 788 789
work;employer;id;anonymized feature 368 714 818
work;end_date;anonymized feature 157 703 714 723 736 752 766 776 778 792 796 818 828 831 832 834 851
work;location;id;anonymized feature 359 688 755 789 796 820 828 851
work;start_date;anonymized feature 157 703 714 736 752 776 778 788 789 818 828 831 832 834 846 851
