birthday;anonymized feature 208 629 634 506 655 662 422 673 682
birthday;anonymized feature 0 414 573 576 579 589 592 597 598 400 600 601 605 609 611 612 618 619 626 630 633 636 643 644 647 500 654 657 658 661 664 524 666 675 556 685
birthday;anonymized feature 1 578 582 583 378 595 391 610 622 625 627 631 515 542 670 671 681
birthday;anonymized feature 209 574 591 412 621 648
birthday;anonymized feature 2 584 594 639 676
birthday;anonymized feature 3 593 480 652 566
birthday;anonymized feature 211 553 567
education;concentration;id;anonymized feature 14 594 604 605 423 428 480 654 173 558
education;concentration;id;anonymized feature 15 414 378 394 434 614 438 483 628 553 370 496 374 649 376 515 567 544 422 671 395
education;concentration;id;anonymized feature 311 609 626 628 652
education;concentration;id;anonymized feature 215 400 644 542
education;concentration;id;anonymized feature 216 587 373 438 626 656
education;concentration;id;anonymized feature 217 591 634 639 641
education;concentration;id;anonymized feature 312 394 603 677
education;degree;id;anonymized feature 220 483 370 649 567 559
education;degree;id;anonymized feature 313 592 628 634 644
education;degree;id;anonymized feature 22 577 579 587 107 592 594 394 604 427 617 626 514 628 629 632 634 641 646 647 652 544 673 395 558
education;degree;id;anonymized feature 221 428 553 374 680
education;degree;id;anonymized feature 23 604 423 671 682
education;degree;id;anonymized feature 222 601 609 434
education;degree;id;anonymized feature 223 579 400 606 428 514 480 641 647 652 544 395 556
education;school;id;anonymized feature 314 655 658 678 679
education;school;id;anonymized feature 226 587 394 612 614 542 677
education;school;id;anonymized feature 228 414 573 577 579 580 583 373 588 590 599 400 600 604 348 434 619 438 514 628 629 632 633 634 475 640 496 646 647 653 656 657 665 567 544 422 671 556 558 559 680 563 685
education;school;id;anonymized feature 229 590 592 605 617 625 626 629 644 654 657 422 395 680 684 685
education;school;id;anonymized feature 230 591 592 612 428 617 363 626 630 480 641 644 664 666
education;school;id;anonymized feature 315 587 634
education;school;id;anonymized feature 232 593 348 363 438 514 553 370 475 480 496 374 515 544 558
education;school;id;anonymized feature 233 589 616 639 374
education;school;id;anonymized feature 236 628 632
education;school;id;anonymized feature 316 584 682
education;school;id;anonymized feature 237 414 574 584 588 589 598 601 603 611 616 618 621 483 633 639 641 653 663 664 666 677 679 682
education;school;id;anonymized feature 238 376 566
education;school;id;anonymized feature 44 649 173
education;school;id;anonymized feature 317 591 606
education;school;id;anonymized feature 244 423 561
education;school;id;anonymized feature 247 576 578 580 582 584 585 588 595 599 600 618 627 633 639 643 650 662 665 670 675 678 681 561
education;school;id;anonymized feature 248 592 605 626 553 370 654 515 395
education;school;id;anonymized feature 318 573 575 579 597 622 630 631 636 654
education;school;id;anonymized feature 319 579 622 483 625 684
education;school;id;anonymized feature 320 619 678
education;school;id;anonymized feature 321 619 635 685
education;school;id;anonymized feature 322 590 617
education;school;id;anonymized feature 52 414 580 373 378 107 591 594 391 394 400 601 604 606 610 423 427 428 348 434 614 363 438 483 514 461 553 370 475 641 496 374 649 652 506 376 656 515 524 567 542 544 173 673 676 395 556 558 559 563 566
education;type;anonymized feature 53 414 573 574 575 576 577 578 579 580 582 583 584 585 587 373 378 588 107 589 590 591 592 593 594 595 394 598 599 400 600 601 603 604 605 606 608 611 423 612 34 427 428 348 434 614 616 617 618 363 619 438 621 622 483 625 626 627 514 628 629 461 630 631 632 553 633 634 370 635 636 475 639 640 480 641 496 643 644 645 646 374 647 648 649 650 652 653 654 506 655 376 656 657 515 658 661 662 663 664 665 524 666 567 542 544 670 422 671 173 673 675 676 677 678 395 556 679 558 559 680 681 682 561 563 566 684 685
education;type;anonymized feature 54 414 575 577 579 580 582 585 587 373 378 588 107 590 591 592 594 391 394 400 601 603 604 606 609 610 423 612 427 428 348 434 614 617 363 619 438 483 626 627 514 628 629 632 553 634 370 635 475 639 480 641 496 643 644 646 374 647 649 652 653 654 376 656 515 662 665 524 567 542 544 670 671 673 675 676 677 395 556 679 558 559 680 681 682 563 566 684 685
education;type;anonymized feature 55 414 573 574 575 576 577 578 579 580 582 583 584 585 373 378 588 589 590 591 592 593 595 597 598 599 400 601 603 604 605 606 608 611 423 612 34 427 428 348 434 616 617 618 363 619 438 621 622 483 625 626 627 514 629 630 631 553 633 634 370 636 475 639 640 480 641 496 643 644 645 646 374 647 648 653 654 655 376 657 515 658 662 663 664 665 524 666 567 544 422 671 173 673 677 678 395 556 679 558 559 680 681 682 561 566 684 685
education;year;id;anonymized feature 58 577 579 592 599 606 617 629 641 647 662 664 524 544 673 395 679
education;year;id;anonymized feature 59 394 601 34 619 438 629 553 634 643 646 556
education;year;id;anonymized feature 254 605 612 619 438
education;year;id;anonymized feature 255 378 604 434 438 622 631 480 542 678 395
education;year;id;anonymized feature 60 593 394 400 423 617 483 627 633 641 647 649 673 556 682
education;year;id;anonymized feature 61 573 579 584 592 598 423 616 622 514 370 641 648 567 173 675 677 395 561
education;year;id;anonymized feature 62 576 587 594 394 603 423 612 625 630 553 635 636 640 644 646 655 542 556 681
education;year;id;anonymized feature 64 574 575 582 378 400 603 611 427 428 434 614 627 629 634 480 644 652 653 376 661 676 680 682
education;year;id;anonymized feature 65 578 583 604 606 610 34 621 626 628 643 656 544 677 679
education;year;id;anonymized feature 66 577 585 107 592 594 604 606 483 639 480 654 655 656 173 395
education;year;id;anonymized feature 67 414 575 576 578 579 582 588 589 592 595 597 598 400 603 608 611 612 348 625 627 636 640 643 654 376 658 524 677 556 681
education;year;id;anonymized feature 257 577 605 428 617 619 626 514 632 633 644 653 662 664 682
education;year;id;anonymized feature 258 647 665 544 678
education;year;id;anonymized feature 71 584 593 427 628 639
education;year;id;anonymized feature 259 574 423 621 629 553 370 647 648 663 676
first_name;anonymized feature 323 414 614
gender;anonymized feature 77 574 576 577 580 584 586 587 373 590 591 595 599 412 423 612 613 615 616 621 623 624 629 461 553 370 635 636 640 641 492 648 650 652 659 660 663 524 667 567 542 672 679 566 685
gender;anonymized feature 78 414 573 575 578 579 581 582 583 585 465 378 588 107 589 592 593 594 596 391 597 394 598 400 600 603 604 605 606 608 609 610 611 34 427 428 431 348 434 614 436 617 618 363 619 438 620 622 483 625 626 627 514 628 630 631 632 633 634 637 475 639 480 642 496 643 644 645 646 374 647 649 500 651 653 654 506 655 376 656 657 515 658 661 662 664 665 666 669 544 670 422 671 173 673 675 676 677 678 395 556 558 559 680 681 682 561 513 563 683 684
hometown;id;anonymized feature 128 506 559
hometown;id;anonymized feature 263 634 647 542 675 561
hometown;id;anonymized feature 84 414 574 577 578 579 583 584 590 592 394 400 603 604 605 609 612 348 434 614 616 617 618 363 438 620 622 483 626 514 628 629 631 633 475 480 643 646 654 655 657 515 671 678 558 563 684
hometown;id;anonymized feature 298 591 606
languages;id;anonymized feature 92 577 594 394 603 609 34 427 438 627 514 634 475 480 641 671
languages;id;anonymized feature 94 577 438 514
languages;id;anonymized feature 265 577 579 592 394 603 609 617 438 627 514 628 634 475 640 480 641 647 422 671
languages;id;anonymized feature 101 575 614 617 628 635
last_name;anonymized feature 324 573 373 606
last_name;anonymized feature 325 588 685
last_name;anonymized feature 110 592 391 600 604 423 348 617 620 624 626 514 628 630 475 639 643 374 647 650 651 654 660 665 567 669 675
last_name;anonymized feature 326 596 657 663
last_name;anonymized feature 273 579 580 584 587 107 434 616 635 641 496 524 544 672 677 558 684
last_name;anonymized feature 275 582 590 394 431 436 618 627 370 500 422 680 513 563
last_name;anonymized feature 327 414 585 614
last_name;anonymized feature 328 625 633
locale;anonymized feature 126 579 581 642
locale;anonymized feature 127 414 577 580 586 587 373 465 107 590 591 593 594 391 597 394 400 601 603 412 604 605 606 609 610 423 612 613 34 427 428 431 348 436 617 363 438 622 623 483 624 626 514 628 629 461 632 553 634 370 637 475 480 646 492 374 647 649 500 651 652 506 376 656 515 660 663 524 667 567 542 669 544 671 672 673 676 395 558 559 680 681 513 563 566 683 684
locale;anonymized feature 278 573 574 575 576 578 582 583 584 585 378 588 589 592 595 596 598 599 600 608 611 434 614 615 616 618 619 620 621 625 627 630 631 633 635 636 639 640 641 496 643 644 645 648 650 653 654 655 657 658 659 661 662 664 665 666 670 422 675 677 678 556 679 682 561 685
location;id;anonymized feature 128 580 378 591 391 394 400 601 610 427 428 348 434 614 363 483 514 475 641 374 649 376 656 515 542 513 563 566
location;id;anonymized feature 129 414 590 606 544 173
location;id;anonymized feature 281 587 604 634
location;id;anonymized feature 84 573 574 583 597 599 605 612 616 621 622 624 630 631 633 635 640 643 654 655 663 422 671 676 678 556 679 681
name;anonymized feature 329 414 614
work;employer;id;anonymized feature 330 616 663
work;employer;id;anonymized feature 331 579 603
work;employer;id;anonymized feature 52 590 428 641 515 542 561
work;end_date;anonymized feature 157 577 599 603 605 606 621 622 631 633 640 647 650 654 657 658 661 662 663 665 422 558
work;end_date;anonymized feature 332 575 654
work;location;id;anonymized feature 296 423 428
work;location;id;anonymized feature 84 573 579 394 603 604 605 348 363 663
work;location;id;anonymized feature 297 604 423 348
work;position;id;anonymized feature 183 604 423 428 480
work;position;id;anonymized feature 301 579 605
work;position;id;anonymized feature 333 647 659
work;start_date;anonymized feature 157 577 603 605 621 622 632 633 650 654 657 658 661 662 663 665 422 561
work;start_date;anonymized feature 334 394 599 640
work;start_date;anonymized feature 310 423 428 655
work;start_date;anonymized feature 200 604 558
work;start_date;anonymized feature 202 348 363 634
