birthday;anonymized feature 0 17 73 111 167
birthday;anonymized feature 1 6 20 92 140 160 192 307 343
birthday;anonymized feature 2 138 144 226 335 336 346
birthday;anonymized feature 3 43 91 147 159 219 220 266
birthday;anonymized feature 4 120 135 139 175 196 218 247 273 328 330
birthday;anonymized feature 5 16 21 40 70 87 172 178 224 233
birthday;anonymized feature 6 10 45 64 141 150 157 174 188 276 281 291 293 298 323 331 332 339 341
birthday;anonymized feature 7 3 13 56 65 66 69 75 82 85 99 109 118 121 123 125 128 133 134 170 176 183 199 200 203 221 222 227 236 237 250 257 265 274 295 314 318
education;classes;id;anonymized feature 8 211 313
education;classes;id;anonymized feature 9 0 56 239
education;classes;id;anonymized feature 10 156 258 295
education;classes;id;anonymized feature 11 72 165
education;classes;id;anonymized feature 12 170 252
education;concentration;id;anonymized feature 13 7 47 100 105 129 157 160 168 204 339
education;concentration;id;anonymized feature 14 0 3 10 24 25 33 38 40 55 58 62 63 69 72 73 77 81 82 85 105 113 119 120 123 141 146 156 158 159 169 170 171 173 188 194 196 203 204 206 207 208 212 213 215 220 221 223 224 232 236 248 249 250 254 257 258 266 269 271 272 274 276 283 285 288 290 291 295 307 308 314 320 323 330 332 346 347
education;concentration;id;anonymized feature 15 19 203 211
education;concentration;id;anonymized feature 16 36 70 82 134 161 203 252
education;concentration;id;anonymized feature 17 22 308
education;concentration;id;anonymized feature 18 203 331 335
education;concentration;id;anonymized feature 19 24 92 249 299 330
education;degree;id;anonymized feature 20 92 196 204 213
education;degree;id;anonymized feature 21 18 73 119 157 266 283 346
education;degree;id;anonymized feature 22 18 36 58 73 92 107 127 160 182 202 204 266 320 330
education;degree;id;anonymized feature 23 81 269
education;school;id;anonymized feature 24 84 276
education;school;id;anonymized feature 25 7 87
education;school;id;anonymized feature 26 68 227
education;school;id;anonymized feature 27 38 178 234
education;school;id;anonymized feature 28 17 140
education;school;id;anonymized feature 29 147 319
education;school;id;anonymized feature 30 172 223
education;school;id;anonymized feature 31 49 120 247
education;school;id;anonymized feature 32 91 245
education;school;id;anonymized feature 33 40 148 208 283 291
education;school;id;anonymized feature 34 3 200
education;school;id;anonymized feature 35 2 147 192 219 255 256 289 319
education;school;id;anonymized feature 36 273 328
education;school;id;anonymized feature 37 94 249
education;school;id;anonymized feature 38 19 52 95 205 210 233 256 296
education;school;id;anonymized feature 39 0 12 14 17 19 44 111 115 116 167 209 214 226 289 326
education;school;id;anonymized feature 40 52 144 192 205
education;school;id;anonymized feature 41 258 295
education;school;id;anonymized feature 42 116 226 326
education;school;id;anonymized feature 43 7 15 66 132 252 330
education;school;id;anonymized feature 44 77 80 100 173 180 266
education;school;id;anonymized feature 45 35 46 68 102 143 175 177 225 227 263 278 296
education;school;id;anonymized feature 46 161 308
education;school;id;anonymized feature 47 18 23 25 31 83 84 237 333
education;school;id;anonymized feature 48 67 200
education;school;id;anonymized feature 49 5 36 92 204
education;school;id;anonymized feature 50 0 3 4 5 7 10 13 16 18 22 24 25 27 29 31 38 40 45 47 48 50 55 56 57 59 60 62 63 65 67 69 72 73 75 77 79 80 82 84 85 87 92 94 101 103 104 105 109 113 114 117 118 119 120 121 122 123 126 128 129 132 133 134 141 142 146 152 153 155 156 157 158 159 160 161 165 168 169 170 172 176 178 180 187 188 194 196 199 203 204 206 207 208 209 211 213 218 221 222 224 229 232 234 236 237 239 240 247 248 249 250 252 254 257 258 261 265 266 268 271 272 274 276 285 288 290 291 295 297 299 301 302 308 313 314 317 318 320 323 328 330 331 332 334 336 338 339 340 341 342 344 345 346 347
education;school;id;anonymized feature 51 135 300 320
education;school;id;anonymized feature 52 0 58 64 81 91 100 107 119 150 163 171 173 183 198 202 269 272 335
education;type;anonymized feature 53 0 2 3 4 5 6 7 13 14 16 17 18 19 20 22 25 27 29 31 33 34 36 37 38 40 42 43 44 45 47 49 50 52 55 56 57 58 59 60 61 62 63 64 65 66 67 68 69 70 71 72 74 75 76 77 79 80 81 82 83 84 85 87 92 93 94 95 100 101 102 103 104 105 107 108 109 113 114 115 116 117 118 119 120 121 122 123 124 126 127 128 129 132 133 134 135 137 139 141 142 143 147 148 149 150 152 153 155 156 157 158 159 160 161 165 167 168 169 170 171 172 173 176 177 178 179 180 182 183 188 192 194 196 197 198 199 200 201 203 204 205 206 207 208 209 210 211 212 213 218 219 220 221 222 223 224 225 226 227 229 232 233 234 236 237 239 240 247 248 249 250 252 253 254 255 256 257 258 261 263 265 266 268 269 271 272 273 274 276 279 281 282 283 285 288 289 290 291 293 295 296 297 298 299 300 301 302 307 308 309 313 314 317 318 319 320 323 326 328 330 331 332 334 335 336 338 339 340 341 342 344 345 346 347
education;type;anonymized feature 54 0 5 7 10 15 18 24 36 40 43 47 48 52 56 57 58 59 71 73 80 81 91 92 94 100 101 107 119 127 135 138 146 150 152 157 160 163 167 171 180 182 187 194 196 197 198 202 204 206 208 213 215 233 240 245 247 249 252 254 255 256 261 263 266 269 272 273 283 291 299 302 307 309 317 320 323 330 331 335 336 339 346
education;type;anonymized feature 55 0 2 3 4 6 7 10 12 13 14 16 17 18 19 20 22 23 24 25 27 29 31 33 34 35 36 37 38 40 42 43 44 45 46 47 48 49 52 55 56 58 59 64 65 66 67 68 69 70 72 73 77 80 81 82 83 84 85 87 91 93 94 95 100 102 103 104 105 108 109 111 113 114 115 116 118 119 120 121 123 124 126 127 128 129 132 133 135 137 139 140 141 143 144 145 147 148 149 150 152 153 155 156 157 159 160 161 162 167 169 170 171 172 173 175 176 177 178 179 180 183 188 192 193 194 197 198 199 200 201 202 203 205 206 207 208 209 210 211 212 213 214 219 220 221 222 224 225 226 227 229 232 233 234 237 239 247 248 249 250 252 255 256 257 258 261 263 265 267 269 271 272 273 274 276 278 279 281 283 285 288 289 290 291 293 295 296 297 300 301 308 313 314 318 319 320 323 326 328 330 332 333 334 335 336 338 339 340 341 342 344 346
education;with;id;anonymized feature 56 4 218
education;year;id;anonymized feature 57 2 24 149 320
education;year;id;anonymized feature 58 18 24 29 43 44 92 147 159 205 206 219 226 248 281 307 342
education;year;id;anonymized feature 59 3 7 10 13 25 31 34 56 64 65 67 94 104 109 113 118 122 123 124 128 133 141 142 150 176 188 196 197 198 199 200 210 220 222 224 229 236 252 261 263 265 271 273 274 276 285 288 297 308 313 314 323 335 341 342 345 347
education;year;id;anonymized feature 60 36 37 52 59 63 66 71 85 127 135 155 156 158 182 205 207 212 234 257 258 263 273 295 296 330 336 344
education;year;id;anonymized feature 61 19 40 64 70 105 115 120 127 167 172 173 178 226 233 247 248 254 261 302 309 336
education;year;id;anonymized feature 62 6 20 27 36 66 100 135 139 204 263 273 283 330
education;year;id;anonymized feature 63 37 47 56 59 75 81 84 85 100 119 126 134 146 152 155 156 157 163 170 201 204 207 212 234 237 245 250 257 258 269 295 323 331 344 346
education;year;id;anonymized feature 64 16 38 48 55 59 72 73 80 92 94 101 150 152 157 202 208 213 224 232 254 256 266 269 283 289 291 299 301 307 308 339 346
education;year;id;anonymized feature 65 3 5 10 13 18 23 25 27 31 34 47 56 64 65 67 69 71 82 83 87 91 103 104 109 113 114 118 119 120 123 133 141 147 148 152 169 170 171 176 183 188 199 200 201 203 204 206 210 211 219 221 222 227 229 237 247 252 261 265 274 276 285 288 297 300 309 314 318 323 334 341 346
education;year;id;anonymized feature 66 18 19 22 29 43 55 70 82 100 105 107 108 118 120 150 160 167 173 178 196 197 202 208 219 233 256 266 283 299 309 317 319
education;year;id;anonymized feature 67 20 49 79 111 140 160 169
education;year;id;anonymized feature 68 61 82 233 240 256 267
education;year;id;anonymized feature 69 0 52 55 60 91 150 171 172 213 227 232 240 248 289 291 298 319 331 332
education;year;id;anonymized feature 70 58 107
education;year;id;anonymized feature 71 52 80 82 91 138 143 152 167 182 226 254 300 330 346
education;year;id;anonymized feature 72 24 38 40 47 50 58 91 105 108 119 129 157 158 159 194 203 226 247 269 289 339
first_name;anonymized feature 73 131 278
first_name;anonymized feature 74 56 186
first_name;anonymized feature 75 265 342
first_name;anonymized feature 76 156 168 295 328
gender;anonymized feature 77 1 11 12 15 16 18 21 23 28 29 30 32 36 37 43 45 47 48 49 51 52 53 56 59 60 61 62 66 68 78 80 81 83 84 86 88 90 94 96 99 104 110 111 114 116 117 122 126 128 129 131 133 135 140 142 144 147 149 150 154 155 162 167 177 178 179 182 183 186 190 194 198 203 205 207 210 213 217 222 223 227 228 229 231 233 234 235 236 239 240 243 245 246 250 251 252 253 256 257 264 269 270 273 278 279 287 292 296 298 300 301 302 303 304 309 310 315 316 319 322 327 330 333 334 336 337 338 340 341 345
gender;anonymized feature 78 0 2 3 4 5 6 7 8 9 10 13 14 17 19 20 22 24 25 26 27 31 33 34 35 38 39 40 41 42 44 46 50 54 55 57 58 63 64 65 67 69 70 71 72 73 74 75 76 79 82 85 87 89 91 92 93 95 97 98 100 101 102 103 105 106 107 108 109 112 113 115 118 119 120 121 123 124 125 127 130 132 134 136 137 138 139 141 143 145 146 151 152 153 156 157 158 159 160 161 163 164 165 166 168 169 170 171 172 173 174 175 176 180 181 184 185 187 188 189 191 192 193 196 197 199 200 202 204 206 208 209 211 212 214 215 216 218 219 220 221 224 225 226 230 232 238 241 242 244 247 248 249 254 255 258 259 260 261 262 263 265 266 267 268 271 274 275 276 277 280 281 282 283 284 285 286 288 289 290 291 293 294 295 297 299 305 306 307 308 311 312 313 314 317 318 320 321 323 324 325 326 328 329 331 332 335 339 342 343 344 346 347
hometown;id;anonymized feature 79 300 346
hometown;id;anonymized feature 80 177 225 278
hometown;id;anonymized feature 81 19 44 93 111 115 116 137 167 209 214 226 279 310 326 343
hometown;id;anonymized feature 82 161 308 315
hometown;id;anonymized feature 83 82 199 211 234 261
hometown;id;anonymized feature 84 193 285 345
hometown;id;anonymized feature 85 120 247
hometown;id;anonymized feature 86 152 339
hometown;id;anonymized feature 87 65 104 121 239
hometown;id;anonymized feature 88 35 143 175 227 263 296
hometown;id;anonymized feature 89 59 342
languages;id;anonymized feature 90 80 100 104 152 183 198 266 320 323 334 339
languages;id;anonymized feature 91 34 71 103 123 261
languages;id;anonymized feature 92 2 3 13 21 34 40 48 49 54 55 62 69 71 73 76 80 81 82 93 104 113 118 120 123 132 139 141 146 159 170 172 176 182 183 188 193 198 200 203 206 211 212 222 229 247 250 252 258 261 265 271 274 281 283 285 307 313 314 317 323 334 339 347
languages;id;anonymized feature 93 13 76 82 109 132 182 203 220 320
languages;id;anonymized feature 94 100 182 206 323 334 339
languages;id;anonymized feature 95 13 40 82 265
languages;id;anonymized feature 96 21 276 323
languages;id;anonymized feature 97 69 73 170 283 323
languages;id;anonymized feature 98 2 67 69 71 132 146 317 339
languages;id;anonymized feature 99 76 265 314 331
languages;id;anonymized feature 100 13 54 63 76 82 118 198 203 211 222 252 261 265 271 283 331
languages;id;anonymized feature 101 40 63 67 72 79 103 109 114 120 152 220 237 256 263 265 276 315 318 320 346
languages;id;anonymized feature 102 200 318 323 346
languages;id;anonymized feature 103 81 103 172
last_name;anonymized feature 104 0 46 68 175 227 278
last_name;anonymized feature 105 116 326
last_name;anonymized feature 106 334 339
last_name;anonymized feature 107 7 87
last_name;anonymized feature 108 14 28 151 312
last_name;anonymized feature 109 37 56 59 118
last_name;anonymized feature 110 24 57 345
last_name;anonymized feature 111 6 147
last_name;anonymized feature 112 109 158 315 322
last_name;anonymized feature 113 76 270
last_name;anonymized feature 114 2 149 226
last_name;anonymized feature 115 89 327
last_name;anonymized feature 116 168 347
last_name;anonymized feature 117 238 313
last_name;anonymized feature 118 33 42 50 71
last_name;anonymized feature 119 216 243
last_name;anonymized feature 120 162 343
last_name;anonymized feature 121 300 346
last_name;anonymized feature 122 263 296
last_name;anonymized feature 123 246 304
last_name;anonymized feature 124 101 254
locale;anonymized feature 125 217 324
locale;anonymized feature 126 2 29 51 64 83 148 172 184 200 222 259 262 282 323 331
locale;anonymized feature 127 0 1 3 4 5 6 7 8 9 10 11 12 13 14 15 16 17 18 19 20 21 22 23 24 25 26 27 28 30 31 32 33 34 35 36 37 38 39 40 41 42 43 44 45 46 47 48 49 50 52 53 54 55 56 57 58 59 60 61 62 63 65 66 67 68 69 70 71 72 73 74 75 76 77 78 79 80 81 82 84 85 86 87 88 89 90 91 92 93 94 95 96 97 98 99 100 101 102 103 104 105 106 107 108 109 110 111 112 113 114 115 116 117 118 119 120 121 122 123 124 126 127 128 129 130 131 132 133 134 135 136 137 138 139 140 141 142 143 144 145 146 147 149 150 151 152 153 154 155 156 157 158 159 160 161 162 163 164 165 166 167 168 169 170 171 174 175 176 177 178 179 180 181 182 183 185 186 187 188 189 190 191 192 193 194 195 196 197 198 199 201 202 203 204 205 206 207 208 209 210 211 212 213 214 215 216 218 219 220 221 223 224 225 226 227 228 229 230 231 232 233 234 235 236 237 238 239 240 241 242 243 244 245 246 247 248 249 250 251 252 253 254 255 256 257 258 260 261 263 264 265 267 268 269 270 271 272 273 274 275 276 277 278 279 280 281 283 284 285 286 287 288 289 290 291 292 293 294 295 296 297 298 299 300 301 302 303 304 305 306 307 308 309 310 311 312 313 314 315 316 317 318 319 320 321 322 325 326 327 328 329 330 332 333 334 335 336 337 338 340 341 342 343 344 345 346 347
location;id;anonymized feature 128 81 91 100 119 150 163 183 198 269
location;id;anonymized feature 129 0 17 41 116 173 193 245 291 307 324
location;id;anonymized feature 130 192 205 233
location;id;anonymized feature 131 135 320
location;id;anonymized feature 132 23 24 25 45 48 55 57 66 67 75 79 84 92 104 126 130 134 142 146 152 157 158 168 170 172 180 194 196 200 203 204 206 207 213 223 237 239 250 252 290 295 299 308 317 323 330 331 341 345 347
location;id;anonymized feature 133 54 71 144 326 335
location;id;anonymized feature 134 29 33 141 164 176 177 241 315 328 339
location;id;anonymized feature 135 2 226
location;id;anonymized feature 136 52 95 102 147 214 288 319
location;id;anonymized feature 88 35 175 227 278
location;id;anonymized feature 137 3 7 10 13 16 40 56 59 62 65 73 77 101 109 113 114 118 123 128 132 133 156 161 199 222 224 229 236 238 254 257 261 265 266 271 274 277 285 300 313 314 316 318 342 344 346
location;id;anonymized feature 138 64 80 137 165 182 201 202 310 334
work;employer;id;anonymized feature 139 203 211 252
work;employer;id;anonymized feature 140 163 173 183 193 204 208 254 291
work;employer;id;anonymized feature 141 7 339
work;employer;id;anonymized feature 142 252 313
work;employer;id;anonymized feature 143 172 203 211 265 297
work;employer;id;anonymized feature 144 0 7 16 60 72 85 122 134 156 203 232 239 276 323 339
work;employer;id;anonymized feature 145 115 326
work;employer;id;anonymized feature 146 0 105
work;employer;id;anonymized feature 147 297 323
work;employer;id;anonymized feature 50 10 25 31 37 56 67 104 109 119 132 139 142 152 170 172 197 199 200 203 206 208 211 236 237 252 254 258 265 271 281 283 285 331 340
work;employer;id;anonymized feature 148 121 165
work;employer;id;anonymized feature 149 0 91
work;employer;id;anonymized feature 150 77 80 94 103 198 200 215 224 232 236 248 254 269 271 291 332
work;employer;id;anonymized feature 151 38 40 80 193 307
work;employer;id;anonymized feature 152 156 258
work;employer;id;anonymized feature 153 38 178
work;employer;id;anonymized feature 52 0 71 119 182 183 198 269
work;employer;id;anonymized feature 154 38 56 331
work;employer;id;anonymized feature 155 40 56 72 104 128 172 200 212 232 271 276 295 298 344
work;employer;id;anonymized feature 156 100 196 285 323
work;end_date;anonymized feature 157 0 6 10 14 17 27 31 33 40 42 48 49 72 73 84 109 127 141 145 147 152 160 163 167 169 177 178 179 198 207 211 215 224 236 252 271 272 278 281 289 296 300 317 320 326
work;end_date;anonymized feature 158 25 38 70 73 114 188 274
work;end_date;anonymized feature 159 285 332
work;end_date;anonymized feature 160 0 206
work;end_date;anonymized feature 161 29 33 139 247
work;end_date;anonymized feature 162 38 70 71 80 109 161 170 206 219 252 254 261 274 297
work;end_date;anonymized feature 163 0 25 109 114 196 237 332
work;end_date;anonymized feature 164 137 173 271 274 323 332
work;end_date;anonymized feature 165 0 139 161 197 214 247 281
work;end_date;anonymized feature 166 25 29 38 56 63 65 69 77 80 103 148 150 156 158 170 172 176 183 194 208 212 213 224 232 236 248 252 261 271 274 291 314 330 332 339
work;end_date;anonymized feature 167 120 170 208 252 258 339
work;end_date;anonymized feature 168 3 44 105 119 120 132 156 171 212 222 258 285 331 339 340
work;end_date;anonymized feature 169 37 148 229 252
work;end_date;anonymized feature 170 3 40 56 67 69 71 81 100 103 113 118 158 170 176 180 196 203 204 211 212 213 232 236 247 254 261 271 276 285 298 314 323
work;end_date;anonymized feature 171 94 119 183 199 252 269
work;end_date;anonymized feature 172 25 72 212 236 297
work;location;id;anonymized feature 129 0 14 38 72 73 80 144 156 158 170 182 198 206 258 307 326
work;location;id;anonymized feature 173 143 226 227
work;location;id;anonymized feature 174 124 170
work;location;id;anonymized feature 132 25 31 67 79 103 105 114 119 120 152 170 188 206 208 237 252 258 265 271 281 297 323 328 331 332 339 346
work;location;id;anonymized feature 175 17 214
work;location;id;anonymized feature 176 65 71 118 161 193 204 208 213
work;location;id;anonymized feature 177 103 200 224 236 248 269 271 332
work;location;id;anonymized feature 178 158 173 254 330
work;location;id;anonymized feature 179 100 196 224 291 323
work;location;id;anonymized feature 137 3 24 25 29 38 56 63 67 72 73 109 113 120 132 139 157 161 172 176 197 200 212 224 232 236 265 271 274 285 295 298 331 339
work;location;id;anonymized feature 180 38 56 72
work;location;id;anonymized feature 138 80 121 141 165 201 257
work;position;id;anonymized feature 181 100 269 285 323
work;position;id;anonymized feature 182 56 67 152 281
work;position;id;anonymized feature 183 73 80 254 330
work;position;id;anonymized feature 184 40 63 72 81 113 141 156 165 178 208 232 258 291
work;position;id;anonymized feature 185 0 25 63 67 105 124 127 222 247 285 332
work;position;id;anonymized feature 186 40 56 172 212 295 298
work;position;id;anonymized feature 187 25 103
work;position;id;anonymized feature 188 0 236 297
work;position;id;anonymized feature 189 56 69 103 170 213
work;position;id;anonymized feature 190 224 232
work;position;id;anonymized feature 191 331 332
work;position;id;anonymized feature 192 63 67 80 158 169 173 196 257 276
work;position;id;anonymized feature 193 25 37 65 71 77 119 128 150 173 204 229 247 266 314
work;start_date;anonymized feature 157 6 15 20 40 42 48 50 67 84 93 115 127 139 141 145 147 152 157 160 161 163 165 167 169 172 176 178 179 194 198 263 272 276 278 281 291 300 326 338 340
work;start_date;anonymized feature 194 25 71 73 188
work;start_date;anonymized feature 195 25 38 73 317
work;start_date;anonymized feature 158 91 103 109 120 156 206 298 339
work;start_date;anonymized feature 196 0 7 27 34 109 188 323
work;start_date;anonymized feature 160 0 29 80 103 170 182 254 297 339
work;start_date;anonymized feature 197 38 70 71 139 150 161 192 206 247 252 261 274 331
work;start_date;anonymized feature 162 0 33 208 226 237 252 271 340 346
work;start_date;anonymized feature 198 152 161 170 192 205 232 258 339
work;start_date;anonymized feature 164 0 3 25 29 38 56 63 69 80 105 139 148 152 170 171 176 194 197 224 236 237 248 252 271 281 291 298 330 332 339
work;start_date;anonymized feature 199 10 65 77 119 150 158 161 172 183 208 212 213 219 247 261 274 291
work;start_date;anonymized feature 165 0 27 29 285
work;start_date;anonymized feature 166 20 148 156 206 214 258 265 271 283 297
work;start_date;anonymized feature 200 10 67 73 85 198 222 274 339
work;start_date;anonymized feature 201 43 49 69 132 156 211 212 227 252 258 285 297
work;start_date;anonymized feature 168 37 40 56 63 67 80 94 100 103 109 113 124 170 176 180 193 196 200 204 212 224 232 236 252 254 257 258 261 266 276 285 323 331
work;start_date;anonymized feature 202 3 25 69 70 72 118 119 120 158 183 203 206 213 229 247 269 271 307 314
work;start_date;anonymized feature 169 38 49 248 252 283
work;start_date;anonymized feature 170 0 63 67 148 199 212 220 236 247 265 293 332
work;start_date;anonymized feature 171 24 71 150 159 208 236 237 252 339
work;start_date;anonymized feature 203 142 285
work;start_date;anonymized feature 204 141 170 236
work;with;id;anonymized feature 205 252 313
