birthday;anonymized feature 376 1124 1702
birthday;anonymized feature 0 928 1232 1270 1482 601 414
birthday;anonymized feature 1 1118 1189 1311 1320 1348 1466 1507 1514 1533 1599 1733 1773 1798 1814 1880
birthday;anonymized feature 209 939 943 949 1162 1213 1259 1301 1349 1363 1385 1415 1468 1469 1496 1548 1606 1667 1672 1695 1766 1796 1853 1904
birthday;anonymized feature 2 970 1005 1041 1093 1122 1139 1168 1209 1250 1318 1332 1344 1421 1428 1478 1553 1568 1572 1588 1651 1677 1705 1731 1771 1778
birthday;anonymized feature 3 925 930 931 956 1052 1062 1068 1075 1096 1106 1169 1176 1184 1212 1242 1293 1296 1314 1326 566 1367 1375 1416 1436 1565 1620 1645 1659 1660 1692 1699 1752 1829 1861
birthday;anonymized feature 210 950 1022 1035 1054 1059 1065 1076 1087 1136 353 1143 1193 1203 1216 1237 1248 1262 1325 1340 1343 1354 1390 1401 1407 1418 1424 1430 1504 1520 1528 1529 1532 641 1600 1609 1616 1622 1623 1630 1632 1644 1650 1652 1669 1671 1701 1709 1721 1727 1745 1746 1748 1756 1800 1830 1844 1867 1877 1881 1882
birthday;anonymized feature 4 896 902 914 915 921 940 947 952 975 978 981 988 989 994 1009 1015 1019 1021 1027 1036 1044 1046 1060 1084 1100 1101 1115 1129 1135 1145 1147 1148 1149 1164 1190 1192 1194 1197 1204 1217 1221 1227 1229 1230 1231 1246 1249 1257 1258 1267 1269 1274 1276 1277 1284 1286 1287 649 1292 1306 1329 1334 1345 1350 1364 1377 1379 1389 1391 1413 1414 1426 1432 1438 1439 1444 1448 1462 1471 1484 1485 1492 1499 1525 1544 1546 1554 1570 1573 1576 1578 1583 1587 1591 1592 1596 1611 1621 1628 1635 1636 1641 1647 1658 1668 1680 1682 1687 1691 1697 1715 1716 1723 1728 1738 1743 1747 1749 1755 1768 1781 1790 1807 1823 1851 1857 1862 1872 1873 1874 1875 1878 1885 1887 1897 1903 1908
birthday;anonymized feature 5 107 916 917 934 957 962 966 984 1006 1007 1016 1020 1026 1048 1050 1064 1066 1080 1082 1091 1099 1102 1107 1108 1113 1120 1140 1152 1155 1158 1159 1166 1170 1172 1182 1219 1222 1224 1236 1243 1279 1280 1282 1294 1295 1309 1315 1316 1321 1341 1342 1359 1361 1366 1381 1382 1393 1395 1396 1399 1404 1408 1423 1427 1440 1450 1454 1459 1460 1464 1465 1473 1475 1479 1495 1497 1506 1508 1509 1515 1516 1530 1547 1550 1551 1556 1559 1562 1564 1589 1608 1612 1619 1656 1661 580 1674 1678 1726 1735 1736 1742 1751 1754 1761 1782 1783 1786 1792 1812 1824 1826 1835 1839 1841 1842 1848 1860 1864 1871 1879 1894 1907
birthday;anonymized feature 6 919 924 932 933 942 944 953 954 971 974 997 998 1008 1018 1024 1051 1070 1127 1130 1132 1134 1150 1153 1154 1160 1167 1206 1207 1215 1238 1261 1271 1273 1338 1353 1357 1370 1387 1456 1481 1486 1488 1489 1502 1503 1582 1594 1598 1627 1640 1693 1706 1722 1725 1729 1732 1767 1809 1815 1828 1868 1869 1893 1898
birthday;anonymized feature 7 995 1001 1029 1056 1151 1228 1241 1260 1275 1336 1380 1397 1429 1536 1542 1552 1560 1633 1772 1794 1854
birthday;anonymized feature 377 959 1171 1188 1264 1285 1346 1355 1490 1500 1631 1654 1785 1832 1840
birthday;anonymized feature 378 977 1069 1090 1225 1234 1310 1443 1900
birthday;anonymized feature 379 986 1299 1634
birthday;anonymized feature 380 1289 1330 1388
birthday;anonymized feature 381 1023 1163 1199 171
birthday;anonymized feature 382 1467 1584
education;concentration;id;anonymized feature 383 1006 1888
education;concentration;id;anonymized feature 13 913 917 953 968 1029 1052 1062 1110 1114 1240 1281 484 1333 1373 1387 1429 1431 1432 1496 1531 1577 1641 1656 1678 1693 1702 1703 1711 1717 1726 1806 1807 1814
education;concentration;id;anonymized feature 384 934 989 1111 1573 1646 1751 1875 1894
education;concentration;id;anonymized feature 213 947 1025 1100 1332 1377 1742 1882 1885
education;concentration;id;anonymized feature 385 980 1026 1416
education;concentration;id;anonymized feature 386 1356 1432 1497
education;concentration;id;anonymized feature 14 900 913 917 924 928 949 951 961 986 992 995 1008 1019 1029 1033 58 1052 1054 1062 1074 1084 1085 1087 1097 1109 1114 1121 1138 1152 1159 1171 1189 1193 1202 1203 1213 1229 1236 1240 1248 1259 1262 1275 484 1296 1297 1301 1304 1307 1322 1333 171 1344 1354 1357 1362 1369 1371 1384 1385 1387 1394 1408 1410 1421 1428 1443 1444 1445 1450 1452 1460 1465 1469 1476 428 1486 1496 1511 1518 1529 1531 1549 1552 1553 1561 1567 1568 1570 1574 1577 1615 1620 1641 1656 1678 1687 1693 1698 1701 1708 1725 1726 1727 1733 1738 1744 1745 1760 1768 1771 1777 1778 1784 1792 1798 1806 1807 1819 1820 1828 1830 1837 1861 1880 1895
education;concentration;id;anonymized feature 387 1223 1300 1794
education;concentration;id;anonymized feature 388 1072 1111 1131 1322 1366 1385 1670 1703 1708
education;concentration;id;anonymized feature 15 900 908 914 935 942 954 962 1045 1095 1128 1224 483 649 1300 1313 1425 1435 1468 1473 1606 1609 1611 376 1718 420 1744 414 1786 1829 1894
education;concentration;id;anonymized feature 389 915 1636 1779
education;concentration;id;anonymized feature 390 914 995 1096 1193 1276 1319 1453 1837
education;concentration;id;anonymized feature 391 946 1163 1532 1627
education;concentration;id;anonymized feature 338 1194 1258 1584
education;concentration;id;anonymized feature 392 921 934 937 953 979 980 1001 1008 1127 1162 1195 1198 1222 1230 1240 1242 1272 1276 1301 1330 1373 1390 1422 1431 1432 596 1520 1573 1577 1585 1589 1603 1644 1659 1695 1697 1702 1717 1722 1763 1767 1829 1867 1881 1891
education;concentration;id;anonymized feature 393 963 1161 606 1276 1314 1606 1731 1814 1881
education;concentration;id;anonymized feature 215 919 976 1115 1122 1277 1303 1349 1392 1426 1427 1445 1475 1528 1660 1844 1878
education;concentration;id;anonymized feature 394 992 1026 1195 1287 1736 1755 1773 1902
education;concentration;id;anonymized feature 395 629 1238 1271 1343 1359 1618 1752 1822
education;concentration;id;anonymized feature 396 948 596 1566 1625 1870
education;concentration;id;anonymized feature 397 1230 1352 1356 1659
education;concentration;id;anonymized feature 216 914 1095 1104 1154 1247 1393 1575 1720 1745 1764
education;concentration;id;anonymized feature 398 606 1551 1721 1791
education;concentration;id;anonymized feature 399 1230 1352
education;concentration;id;anonymized feature 400 976 1029 1056 1083 1322 1380 1826 1851
education;concentration;id;anonymized feature 401 997 1125 1199 1250 1267 1491
education;concentration;id;anonymized feature 217 896 1135 1374 1389 641 1559 1573 1599 1761 1843
education;concentration;id;anonymized feature 18 908 917 920 1023 1054 1056 1075 1128 1160 1182 1203 1265 1269 1278 1280 1445 1513 1718 1724 1759 1811
education;concentration;id;anonymized feature 402 1016 1090 1600 1816
education;concentration;id;anonymized feature 403 944 977 1011 1232 1258 1338 1418 1549
education;concentration;id;anonymized feature 404 933 1661
education;concentration;id;anonymized feature 405 1342 1425
education;concentration;id;anonymized feature 406 606 1318
education;concentration;id;anonymized feature 407 1118 1314 1548 1692
education;concentration;id;anonymized feature 408 1107 1123 1124 1149 1156 1184 1196 1341 1485 1488 1558 1563 1662 1665 1707 1735 1799 1810 1839
education;concentration;id;anonymized feature 409 924 1011 1109 1338 1429
education;concentration;id;anonymized feature 410 1225 1246 1481
education;concentration;id;anonymized feature 411 966 1622 1761
education;concentration;id;anonymized feature 412 1180 1376 1804
education;concentration;id;anonymized feature 413 1036 1783
education;concentration;id;anonymized feature 414 1113 1565
education;concentration;id;anonymized feature 415 909 987 1699 1794 1896
education;concentration;id;anonymized feature 416 1075 1344 1407 1431 1863
education;concentration;id;anonymized feature 218 1232 1565 1629 1763 1870 1882
education;concentration;id;anonymized feature 417 925 1132 1312 1547 1554 1600 1653 1819 1863 1877
education;concentration;id;anonymized feature 418 1158 1503 1743
education;concentration;id;anonymized feature 419 1424 1699 1896
education;concentration;id;anonymized feature 420 1055 1135 1151 1391 1761
education;concentration;id;anonymized feature 421 1059 1185
education;concentration;id;anonymized feature 422 1076 1101 1145 1329 1551 1791 1842
education;concentration;id;anonymized feature 423 641 1625
education;concentration;id;anonymized feature 424 930 1801
education;concentration;id;anonymized feature 425 980 1161 1238 1290 1337 1420 1557 1702 1772 1867 1911
education;concentration;id;anonymized feature 426 959 1130 1467 1539 1545 1584 1661 1742 1800 1832
education;concentration;id;anonymized feature 427 1263 1487 1545
education;concentration;id;anonymized feature 428 978 1255 1399 1517 1659
education;concentration;id;anonymized feature 429 931 1003 1284 1484 1528 1639 1746 1779
education;concentration;id;anonymized feature 430 1021 1857
education;degree;id;anonymized feature 21 900 913 931 1019 1025 1232 1259 1357 1418 1478 1565 1624 1702 1763 1837 1844
education;degree;id;anonymized feature 431 1385 1778
education;degree;id;anonymized feature 313 930 1113 1485 1492 1496 1645 1878
education;degree;id;anonymized feature 432 1600 1750
education;degree;id;anonymized feature 433 909 925 951 1278 1424 1450 1609 1701 1835 1896
education;degree;id;anonymized feature 22 107 908 913 928 930 939 947 950 968 1025 1033 58 1060 1085 629 1135 1162 1171 1193 1202 1203 1240 1307 1342 1343 1344 1372 1374 1387 1400 1421 1429 1465 1473 1486 1529 641 1549 1553 1561 1567 1577 1599 1615 1625 1678 1687 1693 1711 1717 1720 1726 1727 420 1760 1761 1814 1825 1829
education;degree;id;anonymized feature 434 1064 1478
education;degree;id;anonymized feature 23 939 1060 1293 1531 1566 1568 1699
education;degree;id;anonymized feature 435 1356 1372 1510 1695 1773 1881
education;degree;id;anonymized feature 222 1296 1356 1385 1410 601 1800 1872 1881
education;degree;id;anonymized feature 436 1212 1545
education;degree;id;anonymized feature 223 915 963 1114 1152 606 1239 1294 1391 1452 428 641 1545 1549 1625 1629 1660 1744 1798 1814 1882 1910
education;degree;id;anonymized feature 437 934 1076 1111 1243 1271 1467
education;degree;id;anonymized feature 438 961 1223 1329 1344 1431 1518 1768 1791 1800 1811 1873
education;school;id;anonymized feature 439 1751 1875
education;school;id;anonymized feature 440 978 980 1162 1209 1431
education;school;id;anonymized feature 225 913 1104 1263 1343 1353 1364 1473 1545 1573 1648
education;school;id;anonymized feature 441 1620 1675 1867
education;school;id;anonymized feature 442 946 1075 1339 1429 1485 1693 1760 1870 1882
education;school;id;anonymized feature 314 945 989 1142 1147 1350 1406 1578 1681 1709 1903
education;school;id;anonymized feature 443 1001 1615 1698
education;school;id;anonymized feature 444 1577 1718
education;school;id;anonymized feature 226 898 900 933 934 939 964 1005 1014 1100 1129 1213 1229 1259 1261 1277 1345 1352 1415 1469 1497 596 1543 1553 1573 1592 538 1661 1667 1677 1725 1763 1783
education;school;id;anonymized feature 227 913 953 1029 1135 1160 1173 1222 1238 1243 484 1377 1487 1497 1604 1620 1646 1675 1867 1881 1885
education;school;id;anonymized feature 445 934 943 1076 1090 1262 1313 1512 1566 1660 1694 1713 1715 1731
education;school;id;anonymized feature 446 1321 1521
education;school;id;anonymized feature 447 1243 1399 1737
education;school;id;anonymized feature 228 917 930 931 936 942 944 949 957 976 977 986 989 1011 1020 1025 1041 1072 1095 1122 1128 1131 629 1154 1166 1169 1189 348 1239 1246 1249 1258 1300 1306 1332 1338 1342 1348 1349 1366 1372 1374 1392 1418 1428 1464 1478 1482 1515 596 1541 1549 1575 1584 1600 1625 1645 580 1679 1681 1696 1703 1711 420 475 1744 1746 1751 1756 1764 414 1773 1777 1800 1801 1815 1829 1844 1875 1894 563 1901
education;school;id;anonymized feature 448 1113 1318
education;school;id;anonymized feature 229 898 902 919 933 954 986 988 1020 1021 1060 1081 1104 1115 1128 629 1143 1166 1229 1247 1257 1277 1281 1299 1303 1311 1316 1350 1373 1404 1418 1426 1432 1438 1451 1475 1502 596 1573 1575 1587 1595 1596 1635 1636 1661 1679 1691 1715 1727 1729 1732 1783 1820 1824 1871 1872 1884 1894 1899
education;school;id;anonymized feature 449 1096 1444 1676 1713
education;school;id;anonymized feature 450 1136 1325 1420 1433 1687 1708
education;school;id;anonymized feature 451 913 914 1052 1217 1247 1408 1453 1575 1761 1807 1818 1885 1895 1897
education;school;id;anonymized feature 452 1195 1800
education;school;id;anonymized feature 453 1101 1278 1416
education;school;id;anonymized feature 230 900 915 935 954 962 975 988 1007 1019 1021 1035 1052 1104 1106 1109 1120 363 1170 1202 1227 1235 1275 1282 1296 1303 1322 1344 1385 1426 1427 1446 1459 1473 1475 1479 428 1500 1515 1525 1529 641 1545 1549 1574 1591 1596 1633 1635 1649 1650 1661 1673 1680 1742 1770 1778 1828 517 1873 1893
education;school;id;anonymized feature 315 1319 1356 1424 1693 1733 1837 1881
education;school;id;anonymized feature 454 1022 1322 1418 1904
education;school;id;anonymized feature 455 1048 1539 1551 1717
education;school;id;anonymized feature 456 915 1897
education;school;id;anonymized feature 457 1029 1056 1173 1222 1238 1243 484 1646 1675
education;school;id;anonymized feature 232 994 363 1225 348 1258 1275 1334 1338 1343 1355 1357 1364 1366 1435 1536 1545 1584 1699 1711 475 1738 1777 1807 1818
education;school;id;anonymized feature 458 925 1835
education;school;id;anonymized feature 459 1001 1124 1352
education;school;id;anonymized feature 460 1198 1570
education;school;id;anonymized feature 461 979 1179 1499 1562
education;school;id;anonymized feature 462 960 998
education;school;id;anonymized feature 463 1125 1799
education;school;id;anonymized feature 464 1626 1911
education;school;id;anonymized feature 465 1340 1826
education;school;id;anonymized feature 466 935 1781
education;school;id;anonymized feature 467 1402 1710 1900
education;school;id;anonymized feature 468 1376 1405
education;school;id;anonymized feature 469 1456 1789
education;school;id;anonymized feature 470 629 1189 1356 1394 1553
education;school;id;anonymized feature 471 1139 1168 1308 1606
education;school;id;anonymized feature 472 1547 1712 1839
education;school;id;anonymized feature 473 916 1294
education;school;id;anonymized feature 474 649 1325 1387 1687
education;school;id;anonymized feature 233 1093 1148 1284 1404 1720 1884
education;school;id;anonymized feature 475 1048 1055 1180 1205 1433 1528 1539 1604 1652 1665 1886
education;school;id;anonymized feature 476 1005 1109 1278 1724
education;school;id;anonymized feature 234 1054 1385 1529 1761 1770 1778 1876
education;school;id;anonymized feature 235 944 1052 1541 1634
education;school;id;anonymized feature 477 1059 1075
education;school;id;anonymized feature 478 1499 1552
education;school;id;anonymized feature 479 896 924 1630 1893
education;school;id;anonymized feature 480 1126 1562
education;school;id;anonymized feature 481 968 1162 1497 1696 1814
education;school;id;anonymized feature 482 1006 1211 1367 1370 1668 1821
education;school;id;anonymized feature 483 1538 1839 1845
education;school;id;anonymized feature 236 931 1138 1218 1535
education;school;id;anonymized feature 484 1154 1295
education;school;id;anonymized feature 485 1093 483 1284 1492 1899 1907
education;school;id;anonymized feature 486 1457 1465 1491
education;school;id;anonymized feature 487 1453 1761 1807
education;school;id;anonymized feature 488 1131 1306
education;school;id;anonymized feature 489 1565 1606
education;school;id;anonymized feature 490 1695 1874 1888
education;school;id;anonymized feature 316 919 939 1014 1099 1103 1108 1115 1261 1292 1354 1583
education;school;id;anonymized feature 237 896 917 942 957 965 971 975 988 989 1009 1014 1015 1018 1019 1022 1032 1036 1066 1099 1102 1120 1129 1148 1158 1170 1190 1204 1227 1233 1235 483 1261 1284 1309 1315 1322 1324 1345 1379 1381 1396 1413 1423 1429 1448 1454 1459 1462 1479 1489 1503 1515 641 1576 1578 1591 1628 601 1647 1650 1680 1682 1686 1706 1720 1725 1728 1742 1751 1764 414 1786 1794 1812 1828 1830 1841 1848 1850 1857 1859 1862 1873 1875 1893 1903
education;school;id;anonymized feature 491 1390 1819
education;school;id;anonymized feature 492 1670 1772
education;school;id;anonymized feature 493 1171 1182
education;school;id;anonymized feature 494 975 1021 1120 1215 1706
education;school;id;anonymized feature 495 930 1296 1496 1545 1573 601 1691 1904
education;school;id;anonymized feature 496 1599 1761
education;school;id;anonymized feature 238 566 1427 1630 1658 376 1703
education;school;id;anonymized feature 44 908 1033 1218 649 1307 1360 1372 1435 1712
education;school;id;anonymized feature 497 1213 1469 1725
education;school;id;anonymized feature 498 934 1230 1453 1621 1746
education;school;id;anonymized feature 499 1262 1835
education;school;id;anonymized feature 500 1021 1334
education;school;id;anonymized feature 501 1153 1288 1879
education;school;id;anonymized feature 502 914 1539 1551
education;school;id;anonymized feature 240 968 1062 1152 1188 1217 1310 1473 1492 1500 1525 1696 1703 1767
education;school;id;anonymized feature 503 947 1653
education;school;id;anonymized feature 504 999 1234 1342 1610 1694 1726
education;school;id;anonymized feature 505 1157 1383 1909
education;school;id;anonymized feature 506 1021 1204 1423
education;school;id;anonymized feature 507 1027 1627 1890 1893
education;school;id;anonymized feature 508 1843 1845
education;school;id;anonymized feature 509 932 934 1026 1114 1237 1330 1397 1420 1443 1464 1483 1580 1677 1870 1902
education;school;id;anonymized feature 317 1070 1110 1202 606 1549 1897
education;school;id;anonymized feature 510 1046 1194 1586
education;school;id;anonymized feature 511 1331 1484 1622 1901
education;school;id;anonymized feature 512 1431 1598
education;school;id;anonymized feature 243 1054 1385 420 1761 1770 1876 1910
education;school;id;anonymized feature 513 935 1041 1393 1531 1781
education;school;id;anonymized feature 514 1741 1898
education;school;id;anonymized feature 245 1035 1296
education;school;id;anonymized feature 515 964 1005
education;school;id;anonymized feature 516 1196 1467
education;school;id;anonymized feature 517 1101 1504 1868
education;school;id;anonymized feature 246 909 914 987 1062 1183 1193 1223 1424 1678 1686 1699 1720 1794 1895 1896
education;school;id;anonymized feature 518 1284 1550
education;school;id;anonymized feature 247 931 957 1020 1066 1082 1158 1225 1233 1249 1258 1284 1306 1324 1366 1413 1428 1504 1628 1647 580 1704 1729 1732 1743 1744 1748 1764 1766 1777 1824
education;school;id;anonymized feature 519 1582 1728
education;school;id;anonymized feature 520 1076 1341 1390 1437 1825
education;school;id;anonymized feature 521 1090 1244 1299 1495 1660
education;school;id;anonymized feature 248 994 1025 1051 1060 1070 1188 1204 1228 1311 1448 1502 1515 1636 1682 1742 1786 1853 1859 1862
education;school;id;anonymized feature 522 1435 1894
education;school;id;anonymized feature 523 1237 1264 1295
education;school;id;anonymized feature 524 1051 1159 1444
education;school;id;anonymized feature 318 1037 1044 1067 1082 1086 1100 1103 1106 1108 1115 1215 1231 1279 1282 1392 1495 1550 1649 1841 1907
education;school;id;anonymized feature 249 968 1135 1212 1452 1658
education;school;id;anonymized feature 525 919 948 1036 1099 1108 1231 1257 1354 1362 1404 1507 1624 1783 1812 1870
education;school;id;anonymized feature 319 942 1018 483 1284 1490 1492 1631 1899
education;school;id;anonymized feature 526 994 1037 1070 1190 1228 1310 1379 1425 1448 1489 1650 1862
education;school;id;anonymized feature 320 1192 1292 1583 1611 1887
education;school;id;anonymized feature 527 1497 1731
education;school;id;anonymized feature 528 1393 1531
education;school;id;anonymized feature 529 1354 1660
education;school;id;anonymized feature 530 971 1108 1231 1550 1672 1695 1783
education;school;id;anonymized feature 531 1227 1596 1850 1903
education;school;id;anonymized feature 532 538 1763
education;school;id;anonymized feature 250 1081 1162 1209 1482 1624 1711
education;school;id;anonymized feature 533 1203 1240 1373
education;school;id;anonymized feature 251 992 1294 1296 1468 1611
education;school;id;anonymized feature 534 1126 1562
education;school;id;anonymized feature 535 1030 1110 1659
education;school;id;anonymized feature 536 896 902 940 975 981 1044 1064 1067 1120 1121 1152 1159 1192 1228 1246 1279 1281 1418 1425 1429 1496 1587 1745 1830 1857 1872 1903
education;school;id;anonymized feature 52 107 904 905 914 915 930 936 956 962 963 976 1001 1011 1025 58 1095 1113 1114 1118 1122 1142 363 1171 1179 606 1224 348 1232 483 1276 484 649 1294 1297 1300 1313 1314 1318 1319 1320 1332 171 1349 1353 1357 1363 566 1374 1378 1387 1394 1397 1408 1422 1425 1427 1430 1446 1464 1468 428 1486 1487 1512 1536 641 1543 1545 1548 1549 1565 1568 1574 1602 538 1616 1625 1629 601 1645 1660 580 376 1673 1677 1679 1684 1692 1694 1695 420 475 1744 1763 1766 414 1776 1778 1844 517 1870 1878 1880 1882 563
education;school;id;anonymized feature 537 917 1030 1322 1333 171 1371 1443 1531 1629 1738 1784 1788 1798 1876
education;school;id;anonymized feature 538 107 900 908 916 920 921 922 925 932 934 946 947 950 951 952 953 960 961 966 970 978 980 993 995 997 998 1003 1004 1006 1008 1023 1026 1028 1029 1033 1040 1045 1047 1050 1054 1056 1059 1063 1073 1074 1075 1076 1077 1078 1083 1084 1085 1086 1087 1092 1101 1107 1110 1112 1117 1123 1124 1125 1126 1128 1130 1132 1135 1136 1145 1146 1149 1150 1151 1153 1156 1157 1160 1161 1163 1164 1165 1171 1172 1173 1175 1182 1184 1185 1193 1195 1197 1198 1199 1201 1203 1206 1207 1209 1211 1214 1219 1222 1230 1238 1239 1242 1243 1250 1255 1256 1265 1267 1269 1270 1271 1272 1274 1278 1280 1285 1287 1288 1290 1291 1293 1301 1302 1305 1307 1312 1321 1325 1327 1329 1330 1331 1334 1335 1336 1337 1339 1340 1344 1352 1359 1360 1361 1367 1369 1370 1375 1376 1380 1383 1384 1388 1389 1391 1393 1399 1402 1405 1407 1410 1416 1420 1421 1431 1437 1440 1445 1449 1450 1456 1457 1458 1460 1463 1465 1467 1470 1471 1476 1477 1480 1483 1484 1485 1488 1491 1494 1501 1509 1511 1513 1516 1517 1518 1520 1524 1528 1530 1532 1535 1537 1539 1542 1544 1547 1551 1552 1553 1554 1557 1558 1559 1561 1563 1564 1567 1570 1571 1572 1577 1580 1584 1585 1588 1589 1594 1598 1600 1603 1605 1608 1609 1610 1612 1613 1614 1615 1618 1619 1620 1621 1622 1623 1626 1632 1639 1641 1643 1644 1653 1656 1659 1662 1663 1668 1670 1675 1678 1683 1684 1687 1697 1698 1701 1702 1707 1708 1710 1711 1712 1717 1718 1719 1721 1722 1723 1724 1726 1730 1735 1736 1737 1741 1746 1750 1752 1753 1757 1761 1765 1768 1769 1771 1772 1779 1782 1789 1791 1792 1796 1799 1800 1804 1805 1806 1809 1810 1811 1816 1819 1822 1823 1826 1832 1833 1835 1839 1842 1846 1851 1854 1856 1860 1861 1863 1864 1865 1867 1868 1877 1879 1888 1891 1898 1900 1902 1908 1909 1911
education;type;anonymized feature 53 107 896 898 900 902 905 908 909 913 914 915 916 917 918 919 920 921 922 924 925 930 931 932 933 934 935 936 937 939 940 941 942 943 944 945 946 947 948 949 950 952 953 954 957 959 960 961 962 963 964 965 966 968 971 974 975 976 977 978 979 980 981 986 987 988 989 992 993 994 995 997 998 999 1001 1003 1004 1005 1007 1008 1011 1014 1015 1016 1018 1019 1020 1021 1022 1023 1025 1026 1027 1028 1029 1030 1032 1033 58 1035 1036 1037 1040 1041 1044 1045 1046 1047 1048 1050 1051 1052 1054 1055 1056 1059 1060 1062 1063 1064 1066 1067 1070 1071 1072 1073 1074 1075 1076 1077 1078 1082 1083 1084 1085 1086 1087 1090 1092 1093 1094 1095 1096 1097 1099 1100 1101 1103 1104 1106 1107 1108 1109 1110 1111 1112 1113 1114 1115 1117 1118 1119 1120 1121 1122 1123 1124 1125 1126 1127 1128 1129 1130 1131 1132 629 1135 1136 1138 1139 1141 1142 1143 1145 1146 1147 1148 1149 1150 1151 1152 1153 1154 363 1156 1157 1158 1159 1160 1161 1162 1163 1164 1165 1166 1167 1168 1169 1170 1171 1172 1173 1175 1179 1180 1181 1182 1183 1184 1185 1186 1188 1189 1190 1192 1193 1194 1195 1196 1197 1198 1199 1201 1202 606 1203 1204 1205 1206 1207 1209 1211 1213 1214 1215 1217 1218 1219 1222 1223 1224 1225 348 1227 1228 1229 1230 1231 1232 1233 1234 1235 1236 1237 1238 483 1240 1242 1243 1244 1246 1247 1248 1249 1250 1252 1255 1256 1257 1258 1259 1261 1262 1263 1264 1265 1267 1269 1270 1271 1272 1274 1275 1276 1277 1278 1279 1280 1281 1282 1284 1285 1287 484 1288 1290 1291 649 1292 1293 1294 1295 1296 1297 1299 1300 1301 1302 1303 1304 1305 1306 1307 1308 1309 1310 1311 1312 1313 1314 1318 1319 1320 1321 1322 1324 1325 1327 1329 1330 1331 1332 1333 1334 1335 1336 1338 1339 171 1340 1341 1342 1343 1344 1345 1348 1349 1350 1352 1353 1354 1355 1357 1359 1360 1361 1362 1363 1364 566 1366 1367 1369 1370 1371 1372 1373 1374 1375 1376 1377 1378 1379 1380 1381 1382 1383 1384 1385 1387 1388 1389 1390 1391 1392 1393 1394 1395 1396 1397 1399 1400 1401 1402 1403 1404 1405 1406 1407 1408 1410 1413 1415 1416 1417 1418 1420 1421 1422 1423 1424 1425 1426 1427 1428 1429 1430 1431 1432 1433 1435 1437 1438 1439 1440 1442 1443 1445 1446 1448 1449 1450 1451 1452 1453 1456 1457 1458 1459 1460 1462 1463 1464 1465 1466 1467 1468 1469 1470 1471 1473 1474 1475 1476 1477 1478 1479 1480 428 1481 1482 1483 1484 1485 1487 1488 1489 1490 1491 1492 1495 1496 1497 1498 1499 1500 1501 1502 1503 1504 1507 1509 1510 1511 1512 1513 1515 1516 1517 596 1518 1520 1521 1524 1525 1528 1529 1530 1531 1532 1535 1536 1537 1538 1539 1541 641 1542 1543 1544 1545 1546 1547 1548 1549 1550 1551 1552 1553 1554 1556 1557 1558 1559 1560 1561 1562 1563 1564 1565 1566 1568 1570 1571 1572 1573 1574 1575 1576 1577 1578 1580 1582 1583 1584 1585 1586 1587 1588 1589 1591 1592 1594 1595 1596 1598 1600 538 1603 1604 1605 1606 1608 1609 1610 1612 1613 1614 1615 1618 1619 1620 1621 1622 1623 1624 1625 1626 1627 1628 1629 1630 1631 1632 1633 1635 1636 1639 1641 1643 1644 601 1645 1646 1647 1648 1649 1650 1652 1653 1654 1656 1658 1659 1660 1661 580 1662 1663 1665 1667 1668 376 1670 1672 1673 1675 1676 1677 1678 1679 1680 1681 1682 1683 1684 1686 1687 1691 1692 1693 1694 1695 1696 1697 1698 1699 1701 1702 1703 1704 1706 1707 1708 1709 1710 1711 1712 1713 1715 1717 1718 1719 1720 1721 1722 1723 1724 1725 1726 1727 420 1728 1729 1730 1731 1732 1733 1735 1736 1737 475 1738 1741 1742 1743 1744 1745 1746 1748 1749 1750 1751 1752 1753 1755 1756 1757 1759 1760 1761 1762 1763 1764 1765 1766 1767 414 1768 1769 1770 1772 1773 1774 1776 1777 1778 1779 1782 1783 1784 1786 1788 1789 1791 1792 1794 1796 1798 1799 1800 1801 1804 1805 1806 1807 1809 1810 1811 1812 1814 1815 1816 1818 1819 1820 1821 1822 1823 1824 1825 1826 1828 1829 1830 1832 1833 1834 1835 1837 1839 1840 1841 1842 1843 1844 1845 517 1846 1848 1850 1851 1853 1854 1856 1857 1859 1860 1861 1862 1863 1864 1865 1867 1868 1869 1870 1872 1873 1874 1875 1876 1877 1878 1879 1880 1881 1882 1884 1885 1886 1887 1888 1890 1891 1892 1893 1894 1895 1896 1897 563 1898 1899 1900 1901 1902 1903 1904 1907 1908 1909 1910 1911
education;type;anonymized feature 54 107 896 900 904 908 909 913 914 915 918 925 928 930 931 933 934 935 936 939 942 946 947 948 950 951 956 961 962 963 968 970 975 976 1003 1006 1014 1016 1019 1020 1021 1022 1025 1030 1033 58 1045 1054 1060 1064 1073 1075 1076 1081 1084 1085 1096 1100 1101 1104 1110 1111 1113 1114 1119 1120 1122 1128 629 1135 1136 1139 1142 1145 1152 363 1161 1162 1171 1179 1181 1189 1192 1193 1195 1202 606 1203 1204 1209 1212 1218 1220 1223 1224 348 1227 1231 1232 1237 483 1239 1240 1243 1246 1252 1258 1259 1261 1262 1271 1274 1276 1278 1281 1284 1290 649 1293 1294 1295 1296 1297 1300 1301 1307 1318 1319 1320 1322 1324 1325 1329 1332 1337 171 1342 1343 1344 1349 1353 1356 1357 1360 1362 566 1372 1374 1378 1379 1385 1387 1391 1394 1400 1403 1405 1407 1408 1410 1418 1421 1423 1424 1425 1427 1428 1429 1430 1431 1432 1433 1444 1445 1446 1450 1452 1464 1465 1467 1468 1471 1473 1475 1478 428 1484 1485 1486 1492 1494 1496 1497 1498 1510 1511 1512 1515 596 1518 1528 1529 1531 1537 1539 641 1543 1545 1546 1548 1549 1550 1553 1561 1565 1566 1567 1568 1569 1572 1573 1574 1577 1584 1585 1587 1588 1592 1596 1599 1600 1602 538 1606 1609 1610 1611 1612 1615 1616 1618 1624 1625 1629 1632 1636 1639 601 1645 1659 1660 1661 580 376 1676 1677 1678 1684 1687 1692 1693 1694 1695 1696 1697 1698 1699 1701 1702 1703 1709 1711 1713 1715 1717 1718 1719 1720 1726 1727 420 1731 475 1743 1744 1746 1750 1760 1761 1763 414 1768 1771 1773 1777 1778 1779 1788 1791 1794 1798 1800 1801 1805 1807 1811 1814 1816 1825 1829 1830 1835 1837 1840 1844 517 1862 1870 1872 1873 1875 1878 1880 1881 1882 1884 1886 1888 1893 1894 1896 563 1903 1910
education;type;anonymized feature 55 896 898 902 904 908 909 913 914 915 916 917 919 920 921 922 924 925 930 931 932 933 934 935 937 939 941 942 944 945 947 949 950 951 952 953 954 956 957 960 961 962 963 964 965 966 968 971 974 975 976 978 979 980 981 984 985 986 987 988 989 992 993 994 995 997 998 999 1000 1001 1003 1004 1005 1006 1007 1008 1009 1014 1015 1016 1018 1019 1020 1021 1022 1023 1025 1026 1027 1029 1030 1032 1033 58 1035 1036 1037 1040 1041 1044 1045 1046 1047 1048 1051 1052 1054 1056 1059 1060 1062 1064 1066 1067 1070 1071 1073 1074 1075 1076 1077 1078 1081 1082 1083 1085 1086 1087 1090 1092 1095 1097 1099 1100 1101 1102 1103 1104 1106 1107 1108 1109 1110 1111 1112 1113 1114 1115 1118 1119 1120 1122 1124 1125 1126 1127 1128 1129 1131 1132 629 1135 1138 1139 1141 1142 1143 1145 1146 1147 1148 1151 1152 1153 1154 363 1156 1158 1159 1160 1161 1162 1164 1165 1166 1167 1168 1170 1171 1172 1173 1175 1179 1180 1181 1182 1183 1184 1185 1186 1188 1190 1192 1193 1194 1195 1196 1197 1198 1199 1201 1202 606 1203 1204 1205 1206 1207 1209 1211 1213 1215 1217 1218 1219 1222 1223 1225 348 1227 1228 1229 1230 1231 1232 1233 1234 1235 1236 1237 1238 483 1240 1242 1243 1244 1246 1247 1248 1249 1250 1252 1255 1257 1258 1261 1262 1264 1265 1267 1269 1271 1272 1274 1275 1277 1278 1279 1280 1281 1282 1284 1285 1287 484 1288 1291 1292 1294 1296 1297 1299 1302 1303 1304 1305 1306 1308 1309 1310 1311 1312 1313 1315 1316 1318 1319 1321 1322 1324 1327 1329 1330 1331 1332 1333 1334 1335 1336 1338 171 1340 1341 1342 1343 1345 1346 1349 1350 1352 1353 1354 1355 1356 1357 1359 1360 1361 1362 1363 1364 566 1366 1367 1369 1370 1371 1373 1375 1376 1377 1378 1379 1380 1381 1382 1383 1384 1385 1387 1388 1390 1391 1392 1393 1394 1396 1397 1399 1400 1402 1404 1405 1406 1407 1408 1410 1413 1416 1417 1418 1420 1421 1423 1424 1425 1426 1427 1428 1429 1430 1431 1432 1433 1435 1438 1439 1440 1442 1443 1444 1445 1448 1449 1450 1451 1453 1454 1456 1457 1458 1459 1460 1462 1464 1465 1466 1467 1468 1469 1470 1471 1473 1474 1475 1476 1478 1479 428 1481 1483 1484 1485 1486 1487 1488 1489 1490 1491 1492 1494 1495 1496 1497 1499 1500 1501 1502 1503 1504 1507 1512 1513 1515 1517 596 1521 1524 1525 1528 1529 1530 1531 1532 1535 1536 1539 1541 641 1542 1544 1545 1546 1547 1548 1549 1550 1551 1552 1553 1554 1556 1557 1558 1561 1562 1563 1564 1565 1566 1568 1570 1571 1572 1573 1575 1576 1577 1578 1580 1582 1583 1584 1585 1586 1587 1589 1591 1594 1595 1596 1598 1600 538 1603 1604 1605 1606 1608 1609 1610 1611 1612 1613 1614 1615 1618 1619 1620 1621 1622 1623 1625 1626 1628 1629 1630 1631 1632 1633 1634 1635 1636 1639 1640 1641 1644 601 1645 1646 1647 1648 1649 1650 1652 1653 1656 1658 1659 1660 1661 580 1663 1665 1667 1668 376 1670 1672 1673 1675 1677 1678 1679 1680 1681 1682 1683 1684 1686 1691 1692 1693 1694 1695 1696 1699 1701 1702 1703 1704 1706 1707 1709 1710 1711 1712 1715 1717 1718 1719 1720 1721 1722 1724 1725 1726 1727 420 1728 1729 1730 1731 1732 1733 1736 1737 475 1738 1741 1742 1743 1744 1745 1746 1748 1749 1750 1751 1752 1753 1756 1757 1760 1761 1762 1763 1764 1765 1767 414 1768 1770 1772 1776 1777 1778 1779 1781 1782 1783 1784 1786 1788 1789 1792 1794 1796 1798 1799 1800 1801 1804 1805 1806 1807 1809 1810 1811 1812 1814 1815 1816 1818 1819 1820 1821 1822 1823 1824 1825 1826 1828 1829 1830 1832 1833 1834 1835 1837 1839 1840 1841 1843 1844 1845 1846 1848 1850 1851 1853 1854 1857 1859 1861 1862 1863 1864 1865 1867 1868 1869 1870 1871 1872 1873 1874 1875 1876 1877 1878 1879 1880 1881 1882 1884 1885 1886 1887 1888 1890 1891 1892 1893 1894 1895 1896 1897 1898 1899 1900 1901 1902 1903 1907 1908 1909 1910 1911
education;with;id;anonymized feature 539 1243 1643
education;with;id;anonymized feature 540 1427 1515 1742
education;with;id;anonymized feature 541 1744 1778
education;year;id;anonymized feature 542 941 945
education;year;id;anonymized feature 543 914 934 939 947 1063 1212 1234 1307 1353 1372 1385 1443 1453 1473 1478 1529 641 1561 1625 1717 1825 1878 1900 1903
education;year;id;anonymized feature 58 931 950 961 968 984 1033 1035 1052 1062 1074 1075 1110 1121 1128 629 1170 1183 1201 1202 606 1203 1220 1233 1242 1262 1366 1367 1418 1432 1444 1456 1468 1498 596 1541 641 1549 1558 1575 1615 1630 1644 1645 1650 1660 1692 1709 1719 1721 1724 1727 1733 1745 1763 1776 1784 1798 1829 1830 1861 1872 1875 1881 1896
education;year;id;anonymized feature 59 898 908 932 946 976 995 998 1000 1001 1029 1032 1082 1083 1101 629 1145 1152 1154 1156 1159 1160 1173 1180 1201 1215 1229 1258 1277 1281 484 1299 1301 1306 1312 1320 1330 1334 1337 1349 1357 1364 1373 1402 1410 1431 1458 1463 1476 1487 1488 1495 1531 1536 1537 1552 1557 1560 1602 1632 1633 601 1645 1658 1665 1695 1706 1718 1731 1732 1744 1768 1771 1807 1819 1833 1835 1854 1868 1875 1882 1886 1897
education;year;id;anonymized feature 544 924 930 1030 1064 1135 1142 1171 1240 1271 1332 171 1342 1343 1356 1387 1429 1465 1486 1497 1535 1545 1549 1553 1577 1684 1693 1761 1794 1829 1881
education;year;id;anonymized feature 254 1333 1452
education;year;id;anonymized feature 255 908 930 963 964 976 984 1025 1085 1170 1239 1278 1333 1348 1363 1366 1378 1385 1468 1496 1507 1545 1548 1676 1695 1814 1853
education;year;id;anonymized feature 60 896 900 902 928 934 937 939 965 975 988 989 995 1004 1005 1029 1030 1047 1056 1059 1060 1075 1100 1104 1111 1114 1120 1128 1138 1139 1145 1148 1157 1169 1181 1184 1188 1189 1190 1192 1197 1198 1203 1207 1218 1227 1228 1231 1237 483 1239 1257 1262 1274 1276 1279 1290 649 1310 1327 1332 1336 1343 1355 1359 1372 1374 1383 1397 1413 1420 1422 1424 1432 1435 1445 1479 1500 1538 1539 641 1542 1553 1558 1566 1573 1576 1580 1587 1592 1596 1598 1609 1618 1623 1631 1636 1647 1653 1670 1676 1686 1687 1695 1708 1712 1720 1738 1750 1756 1764 1772 1778 1800 1822 1825 1830 1840 1844 1851 1870 1872 1873 1877 1881 1884 1893 1899
education;year;id;anonymized feature 61 898 913 914 919 921 930 934 935 944 947 970 978 979 980 993 1004 1014 1016 1018 1023 1032 1040 1046 1066 1097 1099 1108 1113 1126 1135 1138 1147 1152 1158 1162 1165 1166 1182 1194 1195 1196 1197 1202 1204 1230 1243 1255 1258 1259 1261 1267 1269 1272 1281 1282 1284 1287 1291 1297 1302 1305 1309 1312 1315 1316 1320 1321 1324 1329 1334 1352 1372 1377 1391 1394 1396 1408 1413 1415 1420 1421 1423 1427 1430 1431 1433 1439 1442 1450 1454 1460 1462 1467 1469 1471 1473 1484 1485 1491 1492 1499 1528 1531 641 1546 1549 1550 1558 1561 1562 1563 1564 1568 1570 1577 1582 1584 1585 1589 1595 1603 1608 1610 1612 1613 1625 1633 1639 1646 1656 1658 1661 1668 1678 1703 1715 1718 1737 1742 1749 1751 1753 1761 1765 1766 1768 1773 1779 1781 1782 1783 1786 1792 1799 1804 1810 1812 1822 1823 1833 1835 1840 1841 1846 1851 1853 1875 1882 1885 1886 1888 1893 1894 1895 1907
education;year;id;anonymized feature 62 896 902 908 915 930 951 957 963 975 981 988 994 1004 1015 1019 1021 1036 1059 1060 1064 1067 1082 1085 1100 1104 1114 1115 1120 1129 1142 1143 1145 1146 1179 1184 1190 1192 1198 1201 1215 1227 1229 1231 1232 1235 1237 1246 1249 1252 1274 1277 1279 484 1292 1319 1327 1340 1343 1350 1363 1364 1371 1378 1379 1381 1384 1385 1390 1392 1407 1426 1435 1438 1448 1475 1479 1495 1496 1504 1532 1539 1545 1548 1553 1557 1571 1573 1576 1578 1583 1587 1596 1600 1609 1611 1618 1623 1624 1628 1632 1636 1647 1652 1653 1663 1682 1691 1717 1718 420 1728 1746 1748 1750 1756 1764 1794 1800 1801 1807 1811 1814 1818 1819 1841 1844 1857 1859 1873 1875 1877 1880 1884 1887 1891 1897 1899 1903 1908
education;year;id;anonymized feature 63 904 915 931 935 942 948 950 960 966 968 978 1019 1056 1095 1110 1111 1113 1125 1136 1162 1203 1207 1222 1276 1290 1294 1318 1324 1336 1354 1391 1393 1397 1408 1430 1456 1457 1485 1542 1547 1565 1566 1570 1580 1588 1598 1610 1618 1627 1631 1670 1686 1702 1712 1727 1748 1760 1763 1772 1814 1844 1856 1885 1890
education;year;id;anonymized feature 64 900 909 922 925 930 933 942 948 954 961 962 963 966 971 992 999 1007 1020 1026 1045 1070 1074 1092 1095 1096 1102 1107 1111 1112 1125 1127 1132 629 1139 1154 1159 1170 1172 1188 1199 1206 1211 1215 1219 1222 1223 1239 1240 1243 1247 1275 1280 1285 1294 1301 1314 1319 1325 1335 1338 1341 1342 1344 1353 1357 1360 1361 1366 1373 1375 1383 1385 1393 1399 1410 1429 1440 1445 1464 1465 1468 1473 428 1482 1486 1489 1496 1497 1498 1501 1503 1507 1510 596 1521 1530 1535 1537 1543 1545 1551 1556 1572 1577 1588 1594 1615 1626 1640 1649 1659 376 1684 1698 1699 1702 1706 1707 1729 1732 1736 1752 1767 1784 1788 1794 1814 1820 1839 1843 1845 1850 1865 1871 1879 1880 1902 1909 1911
education;year;id;anonymized feature 65 904 924 932 950 953 961 964 968 995 997 1001 1025 1051 1052 1077 1083 1109 1110 1128 1131 1136 1141 1151 1153 1154 1156 1157 1160 1171 1173 1180 1186 1193 1201 1202 606 1205 1224 1237 1238 1259 1271 484 1288 1301 1322 1330 1331 171 1342 1344 1359 1370 1380 1388 1402 1418 1420 1425 1444 1456 1457 1458 1470 1476 1478 1483 1487 1488 1517 1536 1552 1575 1605 1619 1625 1629 1665 1692 1709 1713 1722 1725 1727 1760 1806 1809 1826 1834 1854 1862 1869 1875 1876 1896
education;year;id;anonymized feature 66 107 905 909 913 914 916 920 921 934 944 947 951 952 976 978 979 980 987 993 994 1003 1016 1018 1021 1022 1023 1026 1036 1040 1046 1050 1055 1064 1067 1084 1085 1108 1114 1122 1135 1149 1152 1157 1164 1165 1182 1185 1195 1196 606 1204 1213 1232 1234 483 1246 1249 1255 1261 1263 1264 1267 1269 1272 1282 1284 1285 1287 1291 1299 1305 1307 1318 1321 1322 1329 1342 1349 1352 1356 1376 1377 1383 1389 1391 1405 1417 1418 1420 1431 1433 1439 1445 1450 1467 1471 1473 1475 1477 1478 1485 1490 1491 1499 1509 1510 1528 1529 1531 1532 1537 1538 1544 1546 1559 1561 1562 1563 1564 1584 1585 1589 1595 1606 1609 1610 1612 1613 1615 1621 1639 1643 1645 1650 1656 1661 1663 1668 1675 1677 1678 1682 1695 1698 1703 1715 1717 1718 1719 1726 1730 1735 1742 1744 1753 1757 1761 1765 1770 1773 1779 1782 1786 1792 1799 1800 1804 1810 1811 1822 1823 1828 1832 1835 1840 1851 1860 1882 1886 1888 1903
education;year;id;anonymized feature 67 1025 1073 1118 348 1233 1246 1311 1338 1366 1549 1660 376 1719 1733 414 1768 1777 1778 1798 1801 1839 1840
education;year;id;anonymized feature 68 940 959 1016 1033 1040 1181 1243 1264 1285 1325 1405 1417 1467 1470 1546 1573 1584 1585 1600 1612 1661 1687 1694 1750 1762 1800 1805 1806 1832
education;year;id;anonymized feature 69 909 915 919 935 962 999 1007 1014 1020 1023 1070 1073 1078 1084 1092 1095 1107 1124 1130 1150 1171 1172 1199 1206 1211 1219 1234 1247 1275 1297 1329 1335 171 1341 1352 1357 1361 1387 1394 1399 1437 1440 1453 1465 1471 1501 1530 1535 1556 1567 1572 1577 1594 1600 1619 1622 1628 1649 1659 1662 1672 1707 1708 1723 1736 1755 1767 1768 1821 1842 1859 1861 1865 1879 1888 1894 1909 1911
education;year;id;anonymized feature 257 1109 1119 1232 1400 428 1482 596 538 1625 1719 420 1837 1892
education;year;id;anonymized feature 70 107 913 58 1170 1297 1464
education;year;id;anonymized feature 71 925 936 1004 1045 1054 1093 1097 1112 1122 1125 1129 1139 1201 1223 1306 1332 1334 1410 1445 1572 1591 1635 1731 1752 1768 1810 1840
education;year;id;anonymized feature 259 939 949 629 1162 1168 1201 1318 1349 1469 1504 1512 1529 1553 1568 1606 1629 1672 1744 1770 1870
education;year;id;anonymized feature 72 913 922 931 939 942 946 953 965 981 994 1003 1006 1008 1014 1019 58 1060 1070 1074 1090 1095 1101 1113 1132 1141 1143 1203 1224 1230 1240 1271 1280 1294 1306 1324 1332 1342 1353 1354 1390 1407 1408 1421 1424 1425 1427 1429 1464 1480 1486 1492 1497 1521 641 1545 1551 1565 1571 1578 1592 1626 1634 1636 1660 1693 1694 1696 1702 1778 1779 1794 1801 1805 1829 1830 1843 1850 1864 1870 1873 1878 1893 1902 1908
first_name;anonymized feature 545 1186 1895
first_name;anonymized feature 546 1269 1391 1544 1746
first_name;anonymized feature 547 1242 1371 1528 1539 1669
first_name;anonymized feature 548 1341 1389 1460 1663
first_name;anonymized feature 549 1016 1086 1367 1517
first_name;anonymized feature 550 980 1128 1377 1436 1670
first_name;anonymized feature 325 1584 1703 1767 1864
first_name;anonymized feature 551 934 1419 1467
first_name;anonymized feature 110 1027 1143 1231 1342
first_name;anonymized feature 357 1024 1287 1523 1605
first_name;anonymized feature 552 966 1323 1351 1747
first_name;anonymized feature 553 1050 1905
first_name;anonymized feature 554 1126 1431 1598 601 1652 1714
first_name;anonymized feature 555 967 1182 1518
first_name;anonymized feature 556 1009 1036
first_name;anonymized feature 557 942 969
gender;anonymized feature 77 897 899 907 908 910 911 916 918 919 920 923 925 933 937 938 941 946 947 953 954 959 965 967 972 974 982 983 989 993 994 999 1000 1001 1002 1004 1009 1012 1017 1018 1023 1024 1028 1034 1036 1038 1039 1040 1043 1046 1047 1055 1056 1060 1063 1065 1067 1069 1076 1079 1092 1094 1103 1117 1119 1124 1125 1127 1130 629 1133 1134 1137 1140 1141 1142 353 1145 1148 1149 1150 1155 1156 1157 1162 1169 1173 1174 1181 1182 1191 1192 1194 1196 1197 1198 1200 1201 1204 1208 1211 1212 1214 1215 1220 1228 1233 1234 1235 1237 1240 1243 1253 1254 1255 1257 1266 1270 1271 1273 1274 1276 1284 1285 1287 1289 1290 1295 1303 1309 1312 1315 1319 1321 1324 1326 1327 1329 1330 1331 1335 1336 1339 1342 1358 566 1365 1370 1372 1376 1378 1380 1381 1383 1384 1394 1395 1396 1397 1398 1400 1402 1403 1405 1411 1413 1417 1419 1423 1425 1427 1433 1434 1437 1440 1441 1442 1445 1446 1447 1451 1455 1457 1458 1463 1464 1466 1474 1475 1476 1477 1478 1483 1485 1487 1488 1489 1492 1493 1495 1497 1498 1505 1506 1508 1509 1510 1511 1515 1518 1519 1521 1522 1523 1526 1530 1532 1537 1540 641 1550 1551 1552 1556 1559 1560 1563 1566 1567 1568 1576 1580 1581 1585 1586 1589 1590 1592 1593 1594 1595 1597 1598 1605 1612 1613 1614 1616 1617 1618 1619 1623 1626 1627 1637 1638 1643 1644 1647 1648 1651 1654 1655 1657 1659 1661 580 1662 1665 1674 1680 1682 1692 1694 1697 1698 1700 1702 1704 1705 1706 1707 1710 1711 1712 1715 1716 1717 1722 1724 1725 1728 1732 1735 1736 1739 1741 1743 1749 1750 1751 1752 1753 1754 1755 1762 1766 1768 1769 1772 1773 1774 1775 1779 1785 1787 1790 1791 1793 1797 1799 1801 1805 1806 1808 1812 1817 1821 1822 1824 1827 1834 1835 1836 1838 1839 1841 1846 1848 1849 1853 1855 1858 1865 1869 1875 1878 1879 1881 1882 1886 1890 1893 1900 1901 1902 1909 1911
gender;anonymized feature 78 107 896 898 900 901 902 903 904 905 906 909 912 913 914 915 917 921 922 924 926 927 928 929 930 931 932 934 935 936 939 940 942 943 944 945 948 949 950 951 952 955 956 957 958 960 961 962 963 964 966 968 969 970 971 973 975 976 977 978 979 980 981 984 985 986 987 988 990 992 995 996 997 998 1003 1005 1006 1007 1008 1010 1011 1013 1014 1015 1016 1019 1020 1021 1022 1025 1026 1027 1029 1030 1031 1032 1033 58 1035 1037 1041 1042 1044 1045 1048 1049 1050 1051 1052 1053 1054 1057 1058 1059 1061 1062 1064 1066 1068 1070 1071 1073 637 1074 1075 1077 1078 1081 1082 1083 1084 1085 1086 1087 1088 1089 1090 1093 1095 1096 1097 1098 1099 1100 1102 1104 1105 1106 1107 1108 1109 1110 1111 1112 1113 1114 1115 1116 1118 1120 1121 1122 1123 1126 1128 1129 1131 1132 1135 1136 1138 1139 1143 1144 1146 1147 1151 1152 1153 1154 363 366 1158 1159 1160 1161 1163 1164 1165 1166 1167 1168 1170 1171 1172 1175 1176 1177 1178 1179 1180 1183 1184 1185 1186 1187 1188 1189 1190 1193 1195 1199 1202 606 1203 1205 1206 1207 1209 1213 1216 1217 1218 1219 1221 1222 1223 1224 1225 348 1226 1227 1229 1230 1231 1232 1236 1238 483 1239 1241 1242 1244 1245 1246 1247 1248 1249 1250 1251 1252 1256 1258 1259 1260 1261 1262 1263 1264 1265 1267 1269 1272 1275 1277 1278 1279 1280 1281 1282 526 1283 1286 484 1288 1291 649 1292 1293 1294 1296 1297 1298 1299 1300 1301 1302 1304 1305 1306 1307 1308 1310 1311 1313 1314 1316 1317 1318 1320 1322 1323 1325 1328 1332 1333 1334 1337 1338 171 1340 1341 1343 1344 1345 1346 1347 1348 1349 1350 1351 1352 1353 1354 1355 1356 1357 1359 1360 1361 1362 1363 1364 1366 1367 1368 1369 1371 1373 1374 1375 1377 1379 1382 1385 1386 1387 1388 1389 1390 1391 1392 1393 1399 1401 1404 1406 1407 1408 1409 1410 1412 1415 1416 1418 1420 1421 1422 1424 1426 1428 1429 1430 1431 1432 1435 1436 1438 1439 1443 1444 1448 1449 1450 1452 1453 1454 1456 1459 1460 1461 1462 1465 1467 1468 1469 1470 1471 1472 1473 1479 1480 428 1481 1482 1484 1486 1490 1491 1494 1496 1499 1500 1501 1502 1503 1504 1507 1512 1513 1514 1516 1517 596 1520 1525 1527 1528 1529 1531 1533 1534 1535 1536 1538 1539 1541 1542 1543 1544 1545 1546 1547 1548 1549 1553 1554 1555 1557 1558 1561 1562 651 1564 1565 389 1569 1570 1571 1572 1573 1574 1575 1577 1578 1579 1582 1583 1584 1587 1588 1591 1596 1599 1600 1601 1602 538 1603 1604 1606 1607 1608 1609 1610 1611 1615 1620 1621 1622 1624 1625 1628 1629 1630 1631 1632 1633 1634 1635 1636 1639 1640 1641 1642 1645 1646 1649 1650 1652 1653 1656 1658 1660 1663 1664 1666 1667 1668 376 1669 1670 1671 1672 1673 1675 1676 1677 1678 1679 1681 1683 1684 1685 1686 1687 1688 1689 1690 1691 1693 1695 1696 1699 1701 1703 1708 1709 1713 1714 1718 1719 1720 1721 1726 1727 420 1729 1730 1731 1733 1734 1737 475 1738 1740 1742 1744 1745 1746 1747 1748 1756 1757 1758 1759 1760 1761 1763 1764 1765 1767 414 1770 1771 1776 1777 1778 1780 1781 1782 1783 1784 1786 1788 1789 1792 1794 1795 1796 1798 1800 1802 1803 1804 1807 1809 1810 1811 1813 1814 1815 1816 1818 1819 1820 1823 1825 1826 1828 1829 1830 1831 1832 1833 1837 1840 1842 1843 1844 1845 517 1847 0 1850 1851 1852 1854 1857 1859 1860 1861 1862 1863 1864 1866 1867 1868 1870 1871 1872 1873 1874 1876 1877 1880 1883 1884 1885 1887 1888 1889 1891 1892 1894 1895 1896 1897 563 1898 1899 1903 1904 1905 1906 1907 1908 1910
hometown;id;anonymized feature 558 1073 1301 1908
hometown;id;anonymized feature 559 1376 1405
hometown;id;anonymized feature 263 907 930 934 1041 1064 1246 1342 1357 1359 1603
hometown;id;anonymized feature 560 1371 1467
hometown;id;anonymized feature 561 1113 1490 1565
hometown;id;anonymized feature 562 1391 1551
hometown;id;anonymized feature 82 1321 1325 1445 1521 1626
hometown;id;anonymized feature 84 898 900 906 913 917 921 931 932 933 935 939 940 942 947 953 954 962 968 976 993 994 995 1000 1014 1018 1025 1026 1032 1047 1054 1056 1060 1074 1104 1122 1124 1125 1126 1132 629 1134 1139 1141 1143 1148 363 1158 1162 1163 1164 1166 1169 1172 1175 1181 1184 1189 1198 1202 1209 1214 1217 1221 348 1230 1236 483 1239 1244 1245 1247 1248 1258 1260 1262 1263 1264 1276 1277 1281 1299 1300 1302 1303 1304 1308 1311 1313 1316 1322 1324 1331 1332 1334 1336 1338 1339 1340 1341 1343 1352 1355 1361 1362 1364 1373 1374 1380 1385 1390 1392 1400 1402 1416 1422 1427 1428 1429 1431 1435 1437 1438 1443 1444 1446 1448 1453 1457 1459 1469 1470 1473 1475 1478 1479 1487 1488 1491 1492 1496 1502 1504 1515 1517 596 1520 1532 1536 1543 1545 1547 1549 1553 1554 1557 1560 1562 1563 1566 1570 1573 1574 1578 1580 1584 1589 1592 1595 1598 1599 1604 1611 1617 1619 1620 1621 1622 1624 1633 1635 1636 1645 1646 1649 1654 1659 1660 1661 1665 1667 1674 1677 1680 1682 1683 1685 1686 1691 1694 1695 1699 1703 1707 1711 1716 1720 1725 420 1729 1731 1736 475 1738 1739 1740 1744 1748 1755 1759 1761 1763 1764 1767 414 1768 1771 1786 1789 1791 1794 1796 1799 1807 1814 1816 1818 1820 1823 1827 1828 1830 1832 1833 1834 1835 1839 1840 1844 1845 1849 1850 1855 1859 1861 1867 1872 1879 1885 1886 1890 1893 1894 563 1899 1901
hometown;id;anonymized feature 563 1721 1800
hometown;id;anonymized feature 564 1305 1485
hometown;id;anonymized feature 565 1480 1614 1874
hometown;id;anonymized feature 566 1199 1280 1663
hometown;id;anonymized feature 178 908 1023 1327 1702
hometown;id;anonymized feature 567 1499 1552
hometown;id;anonymized feature 568 1107 1388 1863
hometown;id;anonymized feature 298 914 915 1010 1170 606 1497 1724 1804 1881
hometown;id;anonymized feature 569 950 1337
hometown;id;anonymized feature 264 965 1019 1051 1071 1106 1159 1451 1495 1582 1587 1647 1783 1812 1857
languages;id;anonymized feature 90 932 978 1023 1029 1077 1085 1124 1157 1161 1164 1171 1197 1222 1232 1247 1301 1312 1333 1335 1390 1440 1443 1458 1491 1537 1568 1589 1622 1626 1629 1693 1697 1722 1760 1767 1827 1845 1863 1901 1909
languages;id;anonymized feature 570 1626 1909
languages;id;anonymized feature 571 1111 1157 1161 1420 1440 1458 1615 1629 1822 1863 1909
languages;id;anonymized feature 91 978 1026 1421 1588 1622 1646 1875
languages;id;anonymized feature 92 898 908 913 914 917 924 930 932 937 941 950 954 963 965 978 980 987 992 994 998 1023 1025 1026 1029 1032 1040 1056 1071 1073 1074 1090 1097 1104 1107 1109 1115 1118 1119 1125 1135 1139 1157 1161 1164 1168 1171 1183 1184 1195 1197 1201 1202 1216 1222 1232 1236 1239 1240 1244 1247 1248 1249 1258 1262 1264 1271 1275 1280 1294 1299 1301 1303 1305 1306 1312 1313 1314 1318 1320 1322 1334 1335 1338 1357 1362 1364 1377 1385 1388 1390 1394 1420 1421 1440 1443 1445 1446 1450 1453 1456 1458 1462 1465 1468 1469 1470 1473 1488 1491 1496 1500 1501 1515 1531 1533 1537 641 1549 1554 1568 1574 1589 1610 1615 1622 1625 1626 1629 1634 1645 1646 1670 1682 1693 1697 1703 1719 1722 1729 1730 1733 1736 475 1738 1739 1749 1759 1760 1767 1768 1791 1800 1804 1807 1816 1822 1825 1827 1829 1832 1834 1835 1837 1847 1850 1860 1861 1875 1890 1894 1895 1901
languages;id;anonymized feature 93 937 1197 1201 1388 1394 1693 1860 1875
languages;id;anonymized feature 94 930 941 954 978 987 1032 1071 1115 1183 1247 1248 1301 1304 1335 1364 1416 1448 1488 1517 1722 1729 1730 1755 1860 1861 1881 1901 1909
languages;id;anonymized feature 572 1025 1124 1171 1182 1247 1305 1319 1440 1554 1791 1796 1827 1832 1845
languages;id;anonymized feature 573 908 950 1008 1240 1245 1377 1445 1615
languages;id;anonymized feature 97 932 1437 1537 1755 1909
languages;id;anonymized feature 265 898 906 913 914 917 930 931 932 935 937 939 941 942 944 978 980 994 1010 1018 1025 1026 1029 1032 1040 1041 1056 1071 1074 1090 1104 1107 1109 1124 1125 1135 1164 1182 1183 1184 1195 1201 1202 1222 1236 1239 1245 1247 1248 1249 1258 1262 1271 1275 1280 1290 1294 1299 1303 1304 1305 1306 1312 1313 1318 1320 1322 1334 1335 1338 1343 1354 1357 1362 1364 1377 1385 1388 1390 1408 1416 1420 1437 1443 1446 1453 1456 1463 1467 1469 1470 1473 1481 1488 1491 1496 1501 1503 1504 1515 1517 1528 1531 1536 641 1549 1554 1570 1589 1610 1611 1622 1624 1625 1634 1646 1660 1670 1679 1682 1703 1722 1729 1730 1736 475 1738 1739 1742 1749 1755 1759 1764 1767 1768 1783 1791 1796 1800 1804 1807 1816 1820 1827 1830 1832 1834 1835 1840 1845 1847 1850 1861 1875 1876 1881 1890 1901 1909
languages;id;anonymized feature 100 1421 1719 1729 1798 1825
languages;id;anonymized feature 101 906 980 1019 1067 1085 1111 1159 1245 1304 1349 1363 1371 1408 1416 1437 1517 1536 1570 1588 1755 1796 1840 1909
languages;id;anonymized feature 574 924 954 980 1000 1019 1066 1113 1264 1281 1426 1574 1595 1696 1728
languages;id;anonymized feature 266 1170 1215 1672 1725 1894
last_name;anonymized feature 575 966 1069 1122 1126 363 1248 1312 1362 1627
last_name;anonymized feature 576 1021 1427 1441 1551 1584 1738 1763 1844
last_name;anonymized feature 577 1444 1500 1611
last_name;anonymized feature 106 1111 1266 1641 1822
last_name;anonymized feature 578 1112 1129 1612 1670 1832 1858
last_name;anonymized feature 579 1651 1730
last_name;anonymized feature 267 905 924 1063 1104 1147 1308 1336 1415 1443 1514 1523 1525 1614 1700 1706 1742 1759 1775 1842 517 1861 1882
last_name;anonymized feature 268 953 1014 1024 1032 1042 1128 1134 1163 1173 1201 1236 1259 1289 1331 1391 1408 1429 1431 1451 1509 1520 1526 1571 1580 1592 1646 1654 1691 1714 1751 1755 1789 1799 1815 1864 1897
last_name;anonymized feature 269 906 1020 1068 1123 1285 1323 1376 1540 1576 1665 1826 1875 1879 1899
last_name;anonymized feature 580 1041 1065 1213 1296 1404 1510 1622 1739 1819
last_name;anonymized feature 581 930 1249 1318 1385 1503 389 1681 1790 1804 1812 1898
last_name;anonymized feature 324 1142 606 1277 1284 1502 1598 1809
last_name;anonymized feature 582 922 1384 1788
last_name;anonymized feature 583 1668 1886
last_name;anonymized feature 584 964 974 1130 1326 1339 1475 1497 1603 1624 1713 1771
last_name;anonymized feature 585 1153 1350 1449 1816
last_name;anonymized feature 586 1182 1227 483 1245 1278 1435 1457 1466 1634 1715 1749
last_name;anonymized feature 587 916 1149 1265 1631 1735 1851 1888
last_name;anonymized feature 588 1037 1093 1139 1263 1417 1765 1768 1800
last_name;anonymized feature 270 944 366 1414 538
last_name;anonymized feature 589 1352 1566 1649 1663
last_name;anonymized feature 590 946 968 1116 1164 1214 1270 1313 1349 1381 1489 1519 1547 1565 1574 1904
last_name;anonymized feature 271 1010 1154 1204 1211 1238 526 1295 1330 1334 1338 1366 1375 1538 1544 1623 1658 1746
last_name;anonymized feature 110 911 934 941 948 952 960 965 975 978 993 995 997 1001 1005 1015 1022 1026 1051 1054 1062 1081 1083 1086 1094 1101 1106 1110 1124 1133 1152 1159 1167 1183 1189 1192 1198 1200 1209 1210 1212 1219 348 1229 1242 1243 1244 1255 1256 1257 1260 1264 1271 1294 1311 1329 1335 1340 1344 1357 1364 1365 1371 1380 1392 1397 1407 1409 1416 1425 1438 1447 1448 1453 1459 1463 1464 1467 1471 1472 1474 1487 1488 1513 1517 1539 1542 651 1569 1575 1581 1591 1595 1604 1605 1610 1632 1637 1643 1653 1661 1662 1669 1671 1677 1683 1686 1696 1699 1703 1709 1717 1722 1727 1731 1736 475 1761 1762 1767 1772 1777 1778 1785 1796 1801 1827 1828 1831 1840 1841 1845 1872 1877 1891 1894
last_name;anonymized feature 591 1025 1341 1420 1469 1748 1906
last_name;anonymized feature 272 902 981 1013 1060 1188 1207 1221 1272 1290 1372 1402 1490 376 1820 1830 1873 1885
last_name;anonymized feature 592 1850 1893
last_name;anonymized feature 273 107 898 921 927 935 936 937 940 961 967 971 972 1000 1003 1011 1019 1056 1064 1071 1072 1078 1079 1080 1092 1100 1103 1107 1117 1125 1135 1148 1155 1160 1168 1184 1194 1202 1223 1237 1261 1262 1268 1280 1288 1292 1298 1305 1343 1356 1358 1370 1389 1390 1399 1401 1413 1436 1456 1473 1484 1491 1504 1515 1516 1528 1529 1530 1532 641 1546 1556 1559 1560 1562 1572 1597 1599 1620 1628 1638 1639 580 1673 1679 1682 1694 1695 1707 1710 1712 1720 1724 1740 1752 1754 1773 1786 1791 1794 1795 1807 1814 1818 1821 1823 1834 1835 1839 1849 1862 1887 1900 1902 1910
last_name;anonymized feature 593 1461 1505
last_name;anonymized feature 594 957 1040 1046 1141 1348 1354 1496 1545 1552 1644 1711 1908
last_name;anonymized feature 595 973 1043 1137 1567 1648
last_name;anonymized feature 596 947 1166 1478 1522
last_name;anonymized feature 274 986 1090 1108 1246 1492 1609 1630 1692 1716 1766 1876
last_name;anonymized feature 597 897 1590
last_name;anonymized feature 275 899 943 954 976 979 980 982 999 1066 1113 1115 1131 1180 1185 1191 1215 1225 1226 1250 1258 1267 1276 1322 1359 1462 1479 1483 1536 1541 1543 1553 1554 1563 1570 1573 1606 1608 1621 1647 1652 1723 1728 1774 1781 1782 1793 1813 1853 1878 1881 563
last_name;anonymized feature 276 896 1067 1230 1309 1412 1645 1667 1725 1824 1855
last_name;anonymized feature 598 1035 1099 1437 1721
last_name;anonymized feature 599 900 913 989 1012 1076 353 1162 1169 1172 1234 1282 1377 1382 1439 1549 1619 1625 1729 1901
last_name;anonymized feature 600 994 1004 1089 1121 1127 1132 1239 1361 1596 1848 1869
last_name;anonymized feature 601 925 1757 1874
last_name;anonymized feature 602 950 970 1136 1232 1511 1561 1909
last_name;anonymized feature 327 919 1084 1150 1222 484 1388 1636 1655 1698 414 1808 1811
last_name;anonymized feature 603 917 1007 1052
last_name;anonymized feature 277 1332 1418 1482 1524 1617 1756 1868 1870
last_name;anonymized feature 604 1217 1233 566 1373 1393 1442 1460 1660 1689 1743 1867 1890
last_name;anonymized feature 605 1085 1593
last_name;anonymized feature 606 1009 1044 1355 1454 1495 1583 1745 1871 1903 1907
last_name;anonymized feature 607 1102 1396 1508 1582 1635
locale;anonymized feature 126 923 935 999 1001 1030 1038 1073 1118 1142 1156 1252 1258 1264 1295 1303 1319 1441 1746 1785 1875 1876
locale;anonymized feature 127 107 897 898 899 900 901 902 903 904 905 906 907 908 909 910 911 912 913 914 915 916 917 918 920 921 922 924 925 926 927 928 929 930 932 934 936 938 946 947 950 951 952 953 955 956 958 959 960 961 962 963 964 966 967 968 970 972 973 976 978 979 980 982 983 987 988 990 991 992 993 994 995 996 997 998 1002 1003 1004 1006 1007 1008 1011 1012 1013 1016 1017 1023 1024 1025 1026 1027 1028 1029 1031 1033 1034 58 1035 1039 1040 1041 1043 1045 1048 1049 1050 1052 1053 1054 1055 1056 1057 1058 1059 1060 1061 1062 1063 1069 637 1074 1075 1076 1077 1078 1079 1080 1083 1084 1085 1086 1087 1088 1089 1091 1092 1093 1095 1096 1097 1098 1101 1105 1107 1109 1110 1111 1112 1113 1114 1116 1117 1119 1122 1123 1124 1125 1126 1128 1130 1132 629 1133 1135 1136 1137 1138 1139 1140 1141 353 1144 1145 1146 1149 1150 1151 1153 1154 1155 363 1157 366 1158 1160 1161 1163 1164 1165 1166 1171 1172 1173 1174 1175 1177 1178 1179 1180 1181 1182 1183 1184 1185 1186 1187 1191 1193 1195 1196 1197 1198 1199 1200 1201 1202 606 1203 1205 1206 1208 1209 1210 1211 1212 1214 1216 1217 1218 1219 1222 1223 1224 348 1226 1229 1232 1234 1236 1237 1238 483 1240 1242 1243 1245 1247 1251 1254 1255 1256 1262 1263 1265 1266 1267 1268 1269 1271 1272 1274 1275 1276 1278 1280 526 1283 484 1288 1289 1290 1291 649 1293 1294 1296 1297 1300 1301 1302 1304 1305 1306 1307 1312 1313 1314 1316 1317 1318 1320 1321 1322 1323 1327 1329 1330 1331 1332 1333 1334 1335 1336 1337 1339 171 1340 1341 1342 1343 1344 1346 1348 1350 1351 1353 1356 1357 1358 1359 1360 1361 1363 1364 566 1365 1367 1368 1369 1370 1371 1373 1374 1375 1376 1377 1378 1380 1382 1383 1384 1385 1386 1387 1388 1389 1390 1391 1393 1394 1395 1397 1398 1399 1400 1401 1402 1403 1405 1407 1408 1409 1410 1411 1414 1416 1417 1419 1420 1421 1422 1423 1424 1431 1433 1434 1436 1437 1439 1440 1442 1443 1444 1445 1446 1447 1449 1450 1452 1456 1457 1458 1460 1461 1462 1463 1464 1465 1467 1468 1469 1470 1471 1473 1476 1477 1478 1480 428 1482 1483 1484 1485 1486 1487 1488 1491 1493 1494 1496 1497 1498 1499 1501 1505 1509 1511 1512 1513 1516 1517 1518 1519 1520 1521 1522 1523 1524 1525 1526 1527 1528 1529 1530 1531 1532 1533 1534 1535 1536 1537 1539 1540 1543 1544 1545 1546 1547 1548 1551 1552 1553 1554 1555 1556 1557 1558 1559 1561 1562 1563 651 1564 1565 1566 389 1567 1568 1570 1572 1573 1574 1575 1577 1579 1580 1581 1584 1585 1588 1589 1590 1591 1592 1593 1594 1597 1598 1599 1600 1601 1602 538 1603 1604 1605 1606 1607 1608 1609 1610 1612 1613 1614 1615 1616 1617 1618 1619 1620 1621 1622 1623 1625 1626 1627 1629 1637 1639 1641 1642 1643 1644 601 1648 1651 1652 1653 1654 1656 1657 1658 1659 1660 580 1662 1663 1664 1665 1666 1668 376 1669 1670 1673 1674 1675 1676 1677 1678 1679 1680 1683 1684 1686 1687 1689 1690 1692 1693 1694 1697 1698 1699 1700 1701 1702 1703 1705 1707 1708 1709 1710 1711 1712 1713 1714 1716 1717 1718 1719 1720 1721 1722 1723 1724 1726 1727 420 1731 1733 1734 1735 1736 1737 475 1738 1739 1740 1747 1750 1752 1753 1754 1755 1757 1758 1760 1761 1762 1763 1765 1767 414 1768 1769 1771 1772 1773 1774 1776 1777 1778 1779 1780 1782 1784 1787 1788 1789 1790 1791 1792 1793 1794 1795 1796 1797 1798 1799 1800 1801 1802 1803 1804 1805 1806 1807 1808 1809 1810 1811 1813 1814 1816 1817 1818 1819 1821 1822 1823 1824 1825 1826 1827 1828 1831 1832 1833 1834 1835 1836 1837 1838 1839 1840 1842 1843 1844 1845 517 1846 1847 0 1849 1851 1852 1853 1854 1856 1858 1860 1861 1863 1864 1865 1866 1867 1868 1874 1877 1878 1879 1880 1881 1882 1883 1885 1886 1888 1889 1890 1891 1892 1895 1896 563 1898 1900 1901 1902 1904 1905 1906 1908 1909 1910 1911
locale;anonymized feature 278 896 919 931 933 937 939 940 941 942 943 944 945 948 949 957 965 969 971 974 975 977 981 984 985 986 989 1000 1005 1009 1010 1014 1015 1018 1019 1020 1021 1022 1032 1036 1037 1042 1044 1046 1047 1051 1064 1065 1066 1067 1068 1070 1071 1072 1081 1082 1090 1094 1099 1100 1102 1103 1104 1106 1108 1115 1120 1121 1127 1129 1131 1134 1143 1147 1148 1152 1159 1162 1167 1168 1169 1170 1176 1188 1189 1190 1192 1194 1204 1207 1213 1215 1221 1225 1227 1228 1230 1231 1233 1235 1239 1241 1244 1246 1248 1249 1250 1253 1257 1259 1260 1261 1270 1273 1277 1279 1281 1282 1284 1285 1286 1287 1292 1298 1299 1308 1309 1310 1311 1315 1324 1326 1338 1345 1347 1349 1354 1355 1362 1366 1372 1379 1381 1392 1396 1404 1406 1412 1413 1415 1418 1425 1426 1427 1428 1429 1432 1435 1438 1448 1451 1453 1454 1455 1459 1466 1472 1474 1475 1479 1481 1489 1490 1492 1495 1500 1502 1503 1504 1506 1507 1508 1510 1514 1515 596 1541 641 1542 1549 1550 1560 1569 1571 1576 1578 1582 1583 1586 1587 1595 1596 1611 1624 1628 1630 1631 1632 1633 1634 1635 1636 1638 1640 1645 1646 1647 1649 1650 1655 1661 1667 1671 1672 1681 1682 1685 1688 1691 1695 1696 1704 1706 1715 1725 1728 1729 1730 1732 1742 1743 1744 1745 1748 1749 1751 1756 1759 1764 1766 1770 1775 1781 1783 1786 1812 1815 1820 1829 1830 1841 1848 1850 1855 1857 1859 1862 1869 1870 1871 1872 1873 1884 1887 1893 1894 1897 1899 1903 1907
location;id;anonymized feature 128 904 915 930 948 976 1025 1080 1113 1122 1142 363 1171 1224 348 483 484 649 1294 1297 1300 1313 1318 1320 1332 1357 566 1374 1394 1397 1425 1427 1430 1446 428 1486 1487 1512 1536 641 1545 1549 1565 1574 538 1616 1625 601 1660 580 376 1673 1679 1684 475 1740 1763 1801 1844 517 1853 1878 1881 563
location;id;anonymized feature 129 914 1008 606 1216 1232 1349 1378 1400 1408 1452 1514 1543 1568 1645 1677 1744 1767 414 1778 1784 1865 1895
location;id;anonymized feature 608 1843 1845
location;id;anonymized feature 609 1247 1453 1575 1761 1818 1829 1885 1897
location;id;anonymized feature 610 1245 1373
location;id;anonymized feature 611 1189 1356 1529
location;id;anonymized feature 612 1045 1384 1572 1639 1720 1792 1886
location;id;anonymized feature 613 939 1154
location;id;anonymized feature 614 1055 1296 1694
location;id;anonymized feature 281 928 947 1678 1794 1910
location;id;anonymized feature 133 1023 1030 1097 1114 1333 1421 1588 420
location;id;anonymized feature 84 917 933 934 936 937 940 941 942 944 953 954 966 978 980 989 993 1000 1010 1014 1015 1020 1026 1032 1035 1036 1041 1052 1076 1090 1093 1094 1100 1109 1115 1125 1126 1128 1134 1139 1141 1149 1158 1164 1166 1169 1170 1172 1184 1204 1217 1236 1239 1243 1244 1246 1248 1249 1250 1258 1259 1261 1262 1267 1271 1275 1277 1281 1284 1293 1299 1304 1306 1311 1316 1334 1336 1338 1339 1340 1350 1352 1354 1355 1362 1370 1376 1377 1390 1392 1418 1423 1428 1432 1454 1474 1489 1491 1496 1503 1504 1507 1517 596 1532 1550 1554 1556 1571 1584 1589 1591 1592 1595 1600 1611 1619 1622 1624 1633 1635 1636 1650 1651 1653 1661 1667 1672 1675 1685 1703 1710 1711 1715 1716 1721 1730 1748 1749 1751 1755 1759 1764 1771 1786 1800 1807 1816 1820 1824 1827 1828 1834 1840 1850 1855 1861 1888 1891 1894
location;id;anonymized feature 176 946 979 1004 1075 1107 1138 1163 1177 1181 1197 1198 1212 1255 1266 1305 1312 1319 1337 1403 1405 1440 1444 1458 1470 1485 1501 1518 1693 1697 1750 1760 1769 1774 1805 1860 1863 1909 1911
location;id;anonymized feature 134 1062 1162 1240 1407 1469 1497 1566 1585 1599 1731 1739 1814 1890 1896 1906
location;id;anonymized feature 615 932 1659
location;id;anonymized feature 283 1078 1195 1211 1718
location;id;anonymized feature 616 1182 1804
location;id;anonymized feature 617 900 908 921 950 960 970 998 1003 1006 1029 1033 1040 1056 1063 1073 1074 1077 1132 1151 1160 1173 1175 1199 1201 1203 1214 1222 1238 1269 1270 1274 1280 1291 1302 1307 1325 1330 1331 1359 1360 1361 1380 1388 1391 1393 1402 1410 1433 1456 1457 1476 1488 1494 1498 1520 1528 1537 1551 1552 1553 1555 1557 1558 1560 1570 1577 1580 1598 1605 1609 1621 1663 1665 1670 1674 1687 1698 1702 1707 1708 1736 1741 1768 1772 1789 1791 1797 1806 1823 1825 1826 1832 1835 1839 1847 1856 1864 1900 1902
location;id;anonymized feature 618 1157 1321 1420 1422 1615 1626 1683 1724
location;id;anonymized feature 284 913 1104 1353 1364 1473 1561 1747 1901
location;id;anonymized feature 298 906 924 935 994 1228 1303 1426 1459 1649 1830 1859 1872
location;id;anonymized feature 619 1268 1443 1462 1531 1876
location;id;anonymized feature 138 901 987 992 1118 629 1314 1371 1424 1493 1533 1548 1581 1654 1733 1738 1798 1837 1880
location;id;anonymized feature 264 965 986 1021 1051 1066 1067 1106 1159 1213 1225 1257 1366 1451 1495 1582 1647 1783 1812 1857 1874
location;id;anonymized feature 620 1479 1587 1691 1742
middle_name;anonymized feature 621 1048 1800
middle_name;anonymized feature 622 1344 1389 1652
middle_name;anonymized feature 355 1059 1293 1388
middle_name;anonymized feature 623 1559 1791
middle_name;anonymized feature 624 1409 1573 1639 1717
middle_name;anonymized feature 554 1584 1643
middle_name;anonymized feature 625 1199 1230 1714
middle_name;anonymized feature 626 1340 1653 1864
middle_name;anonymized feature 627 995 1084 1272 1373 1554
work;employer;id;anonymized feature 628 1344 1724
work;employer;id;anonymized feature 629 1123 1845
work;employer;id;anonymized feature 630 1473 1554 1609 1668
work;employer;id;anonymized feature 228 944 968 1011 1711 1773
work;employer;id;anonymized feature 140 1074 1085 1114 1119 1189 1236 1338 1354 1378 1421 1433 1482 1567 1641 1650 1656 1687 1692 1708 1726 1770 1778 1825 1828
work;employer;id;anonymized feature 451 1247 1575 1807 1829 1885
work;employer;id;anonymized feature 230 1282 1322 1459 1596 1742 1828
work;employer;id;anonymized feature 631 917 979 1016 1138 1469 1562 1876 1896
work;employer;id;anonymized feature 632 1108 1261
work;employer;id;anonymized feature 633 940 1504
work;employer;id;anonymized feature 634 1106 1121 1348 1541
work;employer;id;anonymized feature 635 1136 1687 1708
work;employer;id;anonymized feature 636 1632 1658 1818
work;employer;id;anonymized feature 637 964 1005 1385 596
work;employer;id;anonymized feature 638 1123 1124 1156 1287 1373
work;employer;id;anonymized feature 485 1018 1148 1284 1899
work;employer;id;anonymized feature 639 932 1659
work;employer;id;anonymized feature 640 1444 1876
work;employer;id;anonymized feature 641 1240 1615 1698
work;employer;id;anonymized feature 642 909 955 1045 1107 1111 1165 1197 1301 1518 1566 1788
work;employer;id;anonymized feature 643 1126 1571 1683 1697 1724 1772
work;employer;id;anonymized feature 644 1371 1629 1738 1798
work;employer;id;anonymized feature 645 1554 1618
work;employer;id;anonymized feature 145 1008 1357
work;employer;id;anonymized feature 646 945 1704
work;employer;id;anonymized feature 647 980 1334 1789
work;employer;id;anonymized feature 648 932 1685
work;employer;id;anonymized feature 649 1213 1672
work;employer;id;anonymized feature 650 1106 1147
work;employer;id;anonymized feature 518 957 1764
work;employer;id;anonymized feature 247 1020 1284 1332 1746
work;employer;id;anonymized feature 651 1026 1730 1775 1845
work;employer;id;anonymized feature 248 954 975 1051 1227 1426 1473
work;employer;id;anonymized feature 652 1338 1549 1624 1703
work;employer;id;anonymized feature 653 1170 1183 1745
work;employer;id;anonymized feature 654 917 1166
work;employer;id;anonymized feature 655 1131 1188
work;employer;id;anonymized feature 656 926 1663
work;employer;id;anonymized feature 657 1041 1496
work;employer;id;anonymized feature 658 1672 1783
work;employer;id;anonymized feature 659 1469 1739 1906
work;employer;id;anonymized feature 660 1159 1228 1500
work;employer;id;anonymized feature 661 1026 1250
work;employer;id;anonymized feature 662 1132 1219 1390
work;employer;id;anonymized feature 150 913 928 955 1045 1085 1087 1111 1165 1202 1357 1452 1552 1568 1733 1837
work;employer;id;anonymized feature 151 917 963 987 992 1097 1118 1186 606 1232 1314 1319 1333 1363 1371 1378 1424 1452 1468 1536 1548 1568 1629 1648 1686 1693 1708 1719 1733 1744 1784 1798 1802 1837 1876 1880 1892 1895
work;employer;id;anonymized feature 663 1126 1717
work;employer;id;anonymized feature 664 1094 1531
work;employer;id;anonymized feature 665 1299 1304
work;employer;id;anonymized feature 666 1072 1348 1624
work;employer;id;anonymized feature 667 900 1085 1687
work;employer;id;anonymized feature 668 1435 1807
work;employer;id;anonymized feature 669 1121 1744
work;employer;id;anonymized feature 536 896 1859
work;employer;id;anonymized feature 670 1744 1778
work;employer;id;anonymized feature 52 1400 1468 428 641 1549 538 1692
work;employer;id;anonymized feature 671 1037 1072 1259 1504 1541 1904
work;employer;id;anonymized feature 538 951 970 1008 1029 1086 1173 1182 1203 1230 1267 1278 1307 1440 1494 1498 1511 1513 1528 1558 1588 1615 1711 1806 1825 1845
work;end_date;anonymized feature 157 900 945 961 964 979 992 1001 1029 1037 1055 1071 1076 1085 1087 1093 1096 1097 1106 1109 1114 1115 1119 1120 1121 1126 1138 1156 1179 1182 1186 1195 606 1227 1259 1261 1263 1278 1282 1302 1306 1314 1333 1337 1338 1371 1390 1391 1400 1406 1415 1416 1424 1442 1445 1452 1465 1468 1487 1517 1548 1551 1562 1565 1571 1572 1573 1574 1576 1596 1609 1618 1622 1629 1641 1644 1650 1656 1667 1681 1683 1685 1691 1699 1701 1704 1709 1711 1713 1746 1748 1756 1766 1770 1771 1778 1781 1788 1798 1806 1811 1826 1834 1837 1845 1846 1854 1880 1896 1899 1904
work;end_date;anonymized feature 672 1085 1189 1319 1568
work;end_date;anonymized feature 673 963 1111 1798 1880
work;end_date;anonymized feature 674 1111 1733 1837
work;end_date;anonymized feature 675 963 992 1363 1624 1629
work;end_date;anonymized feature 676 930 961 966 1016 1085 1189 1197 1248 1424 1567 1641 1724 1744 1753 1779 1788 1829
work;end_date;anonymized feature 294 1256 428 1692
work;end_date;anonymized feature 677 1119 1136 1433 1571
work;end_date;anonymized feature 678 964 1469 1497
work;end_date;anonymized feature 158 909 928 955 979 987 1016 1111 1165 1195 1197 1325 1346 1424 1473 1531 1551 1552 1566 1641 1656 1693 1701 1779 1788 1846
work;end_date;anonymized feature 196 1029 1170 1185 1394 1431
work;end_date;anonymized feature 679 1306 1624 1717 1801
work;end_date;anonymized feature 160 1325 1600 1632 1697 1828
work;end_date;anonymized feature 161 1433 1488 1501 596 1687 1708
work;end_date;anonymized feature 162 909 917 979 987 1016 1154 1165 1170 1213 1230 1420 1440 1450 1473 1491 1552 1562 1564 1571 1753 1779 1792 1794 1845 1846 1876
work;end_date;anonymized feature 164 1016 1195 1390 1467 1531 1639 1656 1726 1736 1792 1818 1845
work;end_date;anonymized feature 199 1023 363 1448 1496 1497 1553 1645 1744
work;end_date;anonymized feature 166 909 917 932 1074 1151 1172 1201 1202 1305 1344 1346 1373 1385 1394 1465 1491 1501 1528 1670 1686 1693 1708 1726 1727 1742 1772 1779 1845 1876 1885 1902
work;end_date;anonymized feature 200 913 915 921 930 1154 1189 1300 1357 1375 1744 1770 1811 1853
work;end_date;anonymized feature 167 917 948 1047 1197 1236 1256 1267 1339 1444 1470 1566 1635
work;end_date;anonymized feature 201 940 1029 1055 1072 1173 1892
work;end_date;anonymized feature 680 1170 1549
work;end_date;anonymized feature 168 909 921 1032 1124 1219 1334 171 1424 1507 1566 1615 1633 1697 1807 1881
work;end_date;anonymized feature 169 932 966 1163 1198 1299 1318 1829 1890 1910
work;end_date;anonymized feature 170 913 915 930 1029 363 1173 1184 1201 1203 1239 1256 1304 1306 1325 1360 1443 1476 1488 1557 1566 1670 1687 1693 1742 1825 1876 1885
work;end_date;anonymized feature 171 939 1001 1004 1170 348 1232 1300 1357 1536 1625 1733 1744
work;end_date;anonymized feature 681 947 992 1348 1408 1624
work;end_date;anonymized feature 172 928 932 947 963 1029 1738
work;from;id;anonymized feature 682 1469 1739
work;from;id;anonymized feature 683 1026 1775
work;location;id;anonymized feature 684 1672 1828
work;location;id;anonymized feature 128 930 629 1400 1468 1549
work;location;id;anonymized feature 129 917 963 992 1008 1118 1232 1300 1314 1357 1363 1424 1468 1529 1536 1548 1568 1648 1686 1693 1719 1727 1733 1784 1837 1876
work;location;id;anonymized feature 609 913 1247 1761
work;location;id;anonymized feature 296 1085 1300 428 1777
work;location;id;anonymized feature 561 930 1549 1554
work;location;id;anonymized feature 281 928 1424 1881 1910
work;location;id;anonymized feature 133 1023 1074 1085 1189 1333 1421 1465 1568 1708 1770 1778
work;location;id;anonymized feature 84 917 930 932 939 960 966 1072 1094 1109 1128 363 1163 1189 1201 1213 348 1236 1239 1259 1293 1302 1304 1305 1306 1338 1348 1354 1390 1415 1420 1431 1488 1491 1517 596 1545 1549 1551 1554 1566 1571 1574 1621 1645 1710 1711 1717 1725 1730 1748 1753 1755 1764 1770 1771 1800 1810 1818 1820 1829 1845 1853 1861 1885 1888
work;location;id;anonymized feature 176 909 932 955 961 979 1003 1029 1047 1111 1112 1165 1197 1305 1319 1337 1405 1440 1442 1444 1476 1491 1501 1524 1641 1693 1726 1778 1788 1845 1846 1863
work;location;id;anonymized feature 134 909 917 979 1016 1062 1407 1469 1890 1896 1906
work;location;id;anonymized feature 177 955 1085 1111 1165 1202 1325 1552 1568 1687 1837
work;location;id;anonymized feature 685 1564 1670 1779
work;location;id;anonymized feature 178 987 1325 1433 1615 1687 1698
work;location;id;anonymized feature 179 961 963 1111 1165 1197 1701 1779
work;location;id;anonymized feature 615 932 1302
work;location;id;anonymized feature 283 1123 1195 1211 1558 1776
work;location;id;anonymized feature 686 913 1357
work;location;id;anonymized feature 617 950 1029 1055 1151 1160 1173 1195 1305 1450 1528 1551 1552 1558 1615 1639 1779 1792 1845 1902
work;location;id;anonymized feature 618 979 1321 1422 1626 1683
work;location;id;anonymized feature 619 1085 1333 1531 1876
work;location;id;anonymized feature 264 930 1108 1170 1504 1672 1742
work;position;id;anonymized feature 687 978 1488
work;position;id;anonymized feature 688 1062 1469
work;position;id;anonymized feature 182 930 1263 1549 1554
work;position;id;anonymized feature 689 917 1023 1445 1465
work;position;id;anonymized feature 183 928 1011 1085 1203 1433 428 1687
work;position;id;anonymized feature 690 1337 1863
work;position;id;anonymized feature 691 914 1124 1443 1473 1488 1554 1615 1687 1698 1772 1828
work;position;id;anonymized feature 692 1118 1319
work;position;id;anonymized feature 184 917 963 1008 1011 1023 1385 1469 1507 1553 1574 1650 1656 1738 1778 1788 1876
work;position;id;anonymized feature 693 1230 1390 1571 1807
work;position;id;anonymized feature 185 939 1151 1267 1306 1375 1394 1431 1467 1468 1486 1551 1565 1615 1624 1645 1779 1846 1881 1902
work;position;id;anonymized feature 694 1325 1687 1708
work;position;id;anonymized feature 189 1029 1170 1236 1465 1708 1745
work;position;id;anonymized feature 695 1421 1545 1719
work;position;id;anonymized feature 302 987 1189 348 1325 1727
work;position;id;anonymized feature 696 939 1910
work;position;id;anonymized feature 697 1232 1837
work;position;id;anonymized feature 698 1667 1672 1742
work;position;id;anonymized feature 699 1107 1420 1422 1626 1683
work;position;id;anonymized feature 700 930 992 1468 1549 1779
work;position;id;anonymized feature 192 917 1074 1338 1424 1433 1568 1686 1693 1726 1770
work;position;id;anonymized feature 193 900 918 932 960 979 1124 1136 1156 1172 1185 1201 1248 1304 1346 1385 1431 1497 1529 1551 1567 1571 1753 1755 1778 1779 1825 1880 1890
work;position;id;anonymized feature 701 964 1087 1097 1183 1189 1197 1213 1259 1314 1371 1444 1445 1469 1629 1656 1770 1876 1880
work;projects;id;anonymized feature 702 992 1784
work;projects;id;anonymized feature 703 1452 1784
work;projects;id;anonymized feature 704 992 1880
work;projects;id;anonymized feature 705 1118 1798
work;projects;id;anonymized feature 706 1097 1378
work;projects;id;anonymized feature 707 1097 1568 1837 1895
work;projects;id;anonymized feature 708 963 1568
work;projects;id;anonymized feature 709 1378 1548
work;projects;id;anonymized feature 710 1469 1739 1906
work;projects;id;anonymized feature 711 1333 1784 1798
work;projects;id;anonymized feature 712 963 1371 1378
work;start_date;anonymized feature 157 900 919 921 926 928 945 955 992 1001 1005 1008 1037 1042 1071 1072 1076 1093 1115 1120 1126 1149 1156 1179 1185 1227 1240 1241 1261 1263 1272 1282 1286 1287 1302 1306 1314 1337 1338 1362 1366 1391 1401 1405 1406 1408 1417 1424 1428 1437 1452 1463 1468 1491 1517 1553 1556 1565 1572 1573 1574 1576 1596 1609 1622 1628 1636 1644 1656 1659 1663 1667 1668 1681 1685 1691 1704 1709 1711 1713 1745 1746 1756 1766 1769 1771 1781 1806 1810 1820 1834 1854 1865 1888 1899 1904
work;start_date;anonymized feature 713 1568 1880
work;start_date;anonymized feature 714 1733 1798
work;start_date;anonymized feature 334 1111 1469 1624
work;start_date;anonymized feature 715 963 1319 1468 1568 1895
work;start_date;anonymized feature 672 1106 1189 1798
work;start_date;anonymized feature 716 1118 1186 1571
work;start_date;anonymized feature 674 1333 1629
work;start_date;anonymized feature 717 1648 1733 1837
work;start_date;anonymized feature 194 961 992 1087 1319 1469 1568
work;start_date;anonymized feature 718 955 1111
work;start_date;anonymized feature 375 1072 1097 1548 1552 1639 1726 1845 1880
work;start_date;anonymized feature 719 1045 1371 1385 1507 1545
work;start_date;anonymized feature 675 963 1085 1165 1420 1424 1624 1629 1641 1724 1779
work;start_date;anonymized feature 307 909 961 966 992 1016 1111 1197 1198 1209 1256 428 1600 1632 1692 1717 1788
work;start_date;anonymized feature 308 1136 1248 1363 1567 1753
work;start_date;anonymized feature 720 909 1445 596 1531 1573 1625 1687
work;start_date;anonymized feature 678 1195 1213 1259 1344 1415 1784 1910
work;start_date;anonymized feature 721 915 1566 1608 1742 1801
work;start_date;anonymized feature 195 909 955 987 1016 1165 1197 1278 1448 1531 1641 1656 1693 1701 1717 1779 1788 1846
work;start_date;anonymized feature 310 914 928 979 1019 1111 1195 1230 1239 1346 1390 1422 1473 428 1501 1551 1552 1564 1566 1575 1730 1745 1818
work;start_date;anonymized feature 722 961 1087 1325 1507 1670
work;start_date;anonymized feature 196 909 917 939 940 1011 1185 1305 1325 1431 1504 1676 1695 1697 1726 1890
work;start_date;anonymized feature 679 1170 1433 1708
work;start_date;anonymized feature 197 987 1016 1085 1128 1154 1157 1170 1239 1247 1394 1420 1444 1488 1501 1536 1562 1571 1701 1779 1794 1845 1846
work;start_date;anonymized feature 161 1032 1219 1334 1641 1683 1792 1807 1826 1829 1896
work;start_date;anonymized feature 162 921 1016 1197 1230 1420 1465 1473 596 1738 1825 1881 1902
work;start_date;anonymized feature 723 970 978 1016 1062 1184 1558 1711 1748 1753 1845 1861
work;start_date;anonymized feature 724 944 1099 1346 1487 1497 1566 1770 1853
work;start_date;anonymized feature 164 917 1074 1256 1333 171 1465 1491 1549 1615 1645 1656 1686 1708 1727 1742 1845 1876
work;start_date;anonymized feature 199 909 913 932 951 1055 1163 1172 1173 1189 1202 1236 1300 1305 1357 1373 1394 1420 1440 1501 1552 1591 1650 1693 1726 1778 1779 1800 1811 1826 1902
work;start_date;anonymized feature 165 979 1114 1154 1195 1442 1445 1562 1744 1772 1792 1846
work;start_date;anonymized feature 166 921 987 1029 1124 1131 1201 606 1267 1375 1424 1470 1488 1531 1564 1697 1829
work;start_date;anonymized feature 200 913 917 930 1029 1085 1182 1400
work;start_date;anonymized feature 725 1161 1469 1725 1770 1788 1845
work;start_date;anonymized feature 201 917 1014 1029 1151 1170 1197 1339 1431 1615 1683 1859
work;start_date;anonymized feature 332 930 940 1004 1047 1055 1367 1443 1566 1633 1639 1719
work;start_date;anonymized feature 726 930 1011 1318 1566
work;start_date;anonymized feature 168 932 1107 1306 1325 1424 1473 1552 1645 1825
work;start_date;anonymized feature 202 963 1001 1029 363 1160 1163 1173 1201 1203 348 1256 1300 1313 1357 1360 1476 1488 1501 1529 1536 1557 1571 1670 1675 1687 1693 1708 1742 1744 1792 1807 1876 1885 1890 1896
work;start_date;anonymized feature 169 915 960 1026 1047 1125 1154 1183 1299 1304 1551 1626 1778 1804 1863 1906
work;start_date;anonymized feature 170 909 947 1074 1104 1293 1299 1304 1329 1408 1542 1779
work;start_date;anonymized feature 171 930 932 1023 1096 1184 1239 1346 641 1549 1829 1910
work;start_date;anonymized feature 681 939 947 1003 1170 1348 1421 1624
work;start_date;anonymized feature 203 963 984 1213 1469
work;with;id;anonymized feature 727 1549 1703
work;with;id;anonymized feature 728 992 1880
work;with;id;anonymized feature 683 1026 1775
